1 7.0 [1, 4, 6]
2 9.0 [2, 6]
3 14.0 [1, 5]
4 0.0 [2, 4]
5 4.0 [5, 8]
6 7.0 [1, 7]
7 11.0 [1, 5]
8 3.0 [1, 2, 5]
9 10.0 [1, 4, 8]
10 10.0 [2, 5]
11 15.0 [1, 3, 4]
12 6.0 [4, 5]
13 12.0 [2, 7]
14 3.0 [1, 3, 4]
15 16.0 [4, 5, 6]
16 13.0 [1, 6, 8]
17 11.0 [4, 6, 8]
18 15.0 [3, 4]
19 5.0 [1, 7]
20 7.0 [1, 4, 5]
(13, 20)
(5, 7)
(9, 20)
(19, 20)
(8, 12)
(8, 17)
(15, 16)
(3, 4)
(12, 17)
(4, 16)
(4, 13)
(3, 9)
(8, 15)
(10, 13)
(15, 18)
(12, 18)
(17, 19)
(13, 15)
(17, 20)
(6, 16)
(9, 15)
(6, 13)
(4, 5)
(18, 20)
(13, 19)
(17, 18)
(7, 10)
(10, 16)
(13, 16)
(1, 3)
(1, 6)
(18, 19)
(12, 13)
(7, 15)
(16, 20)
(7, 19)
(14, 16)
(9, 11)
(14, 20)
(11, 20)
(6, 7)
(3, 11)
(9, 10)
(4, 8)
1 20083.0 [7, 5, 8, 6, 2, 1]
2 20166.0 [5, 2, 7, 3, 1, 6]
3 19913.0 [3, 1, 4, 6, 8, 2]
4 6812.0 [8, 5]
5 6803.0 [3, 5]
6 6587.0 [3, 8]
7 6545.0 [6, 8]
8 6758.0 [8, 5]
9 6751.0 [8, 5]
10 3424.0 [5]
0.22790580822272663 0.006477706868777411
0.2421294538818649 0.22685822038244954
0.2421294538818649 0.23290065716980704
0.2421294538818649 0.2360960437032827
0.24518996620960815 0.23769459915362318
0.24518996620960815 0.23798304847930923
0.2468359092422452 0.23898512398061328
0.2468359092422452 0.24175530429831252
0.2549403692341116 0.24212049723459145
0.2549403692341116 0.2421294538818649
0.25890696239217387 0.2442035753662801
0.25890696239217387 0.24517186336737792
0.25890696239217387 0.2451767380565814
0.25890696239217387 0.24534469660383335
0.25890696239217387 0.24534469660383335
0.25890696239217387 0.24534469660383335
0.25890696239217387 0.24534469660383335
0.25890696239217387 0.24544878263099534
0.25890696239217387 0.24544878263099534
0.25890696239217387 0.24544878263099534
0.25890696239217387 0.24544878263099534
0.25890696239217387 0.24544878263099534
0.25890696239217387 0.24754692887986648
0.25890696239217387 0.24754692887986648
0.25890696239217387 0.24754692887986648
0.25890696239217387 0.24754692887986648
0.25890696239217387 0.24754692887986648
0.25890696239217387 0.24754692887986648
0.25890696239217387 0.2496424780178639
0.25890696239217387 0.2496424780178639
0.25890696239217387 0.2496424780178639
0.25890696239217387 0.2496424780178639
Final fitness: 0.25890696239217387
[0.3, 0.1, 0.2, 0.4, 0.1, 0.0004836286045762847, 0.0, 0.3, 0.1, 0.1, 0.0, 0.2, 0.0, 0.4, 0.1, 0.4, 0.2, 0.3, 0.4, 0.2, 0.0, 0.0, 0.0, 0.5, 0.4, 0.2, 0.2, 0.4, 0.0, 0.1, 0.1, 0.2, 0.2, 0.0, 0.2, 0.1, 0.0, 0.5, 0.1, 0.2, 0.0, 0.4, 0.4920691691359451, 0.4, 0.3, 0.1, 0.5, 0.2, 0.4, 0.5, 0.2, 0.0, 0.4, 0.5, 0.3, 0.3, 0.5, 0.3, 0.4, 0.4, 0.2, 0.5, 0.2, 0.2, 0.0, 0.4, 0.2, 0.1, 0.2, 0.1, 0.3, 0.1, 0.5, 0.2, 0.1987033123139499, 0.1, 0.5, 0.0, 0.4, 0.0, 0.3, 0.3, 0.1, 0.3, 0.2, 0.1, 0.5, 0.3, 0.4050203962943354, 0.3, 0.3, 0.4, 0.2, 0.1, 0.10090355897370236, 0.0, 0.1, 0.1, 0.4, 0.2, 0.19175384819071375, 0.2, 0.1, 0.5, 0.1, 0.5, 0.1, 0.0, 0.0, 0.5, 0.0, 0.4, 0.1, 0.4, 0.5, 0.1, 0.0031824287736508944, 0.1, 0.2, 0.0, 0.2, 0.2, 0.5, 0.4, 0.5, 0.5, 0.2, 0.47439925264813587, 0.2, 0.1, 0.0, 0.0, 0.0, 0.3, 0.0, 0.005027223036915537, 0.4, 0.5, 0.2, 0.5, 0.4, 0.2, 0.1, 0.0, 0.1, 0.0, 0.0, 0.4, 0.3, 0.2, 0.1, 0.4, 0.4, 0.4, 0.3, 0.2, 0.09807146166192034, 0.5, 0.3, 0.3, 0.20015957019425498, 0.1, 0.5, 0.0, 0.4, 0.3, 0.2, 0.3, 0.4, 0.0, 0.3, 0.5, 0.5, 0.4, 0.0, 0.1, 0.48602608541178244, 0.2033699620451152, 0.09801843817058795, 0.5, 0.09854794459974117, 0.2, 0.1, 0.3, 0.3, 0.4, 0.3, 0.0, 0.0, 0.0, 0.4, 0.10054205354029559, 0.5, 0.1, 0.0, 0.2, 0.5, 0.0, 0.4, 0.0]
