1 6.0 [4, 6, 8]
2 16.0 [1, 4, 7]
3 17.0 [1, 5, 7]
4 2.0 [8, 9]
5 6.0 [2, 8, 9]
6 13.0 [1, 3]
7 17.0 [5, 7, 10]
8 9.0 [1, 3, 5]
9 10.0 [5, 8]
10 10.0 [4, 5]
(5, 7)
(8, 9)
(1, 2)
(4, 5)
(6, 10)
(8, 10)
(1, 4)
(3, 7)
1 19924.0 [7, 1, 2, 8, 3, 9]
2 20043.0 [1, 2, 6, 5, 7, 9]
3 20038.0 [2, 5, 3, 1, 8, 6]
4 20141.0 [3, 5, 8, 10, 6, 4]
5 19968.0 [5, 3, 8, 10, 7, 9]
6 19933.0 [8, 2, 3, 5, 10, 6]
7 20017.0 [8, 2, 5, 9, 6, 3]
8 6769.0 [2, 7]
9 6735.0 [9, 7]
10 6582.0 [6, 10]
11 6565.0 [2, 10]
12 6625.0 [4, 8]
13 3140.0 [10]
14 3423.0 [3]
15 3261.0 [4]
16 3266.0 [7]
17 3211.0 [7]
18 3484.0 [1]
19 3357.0 [10]
20 3408.0 [8]
0.00962734753512788 0.008750398399084178
0.00963843834213019 0.009604832470739556
0.00963843834213019 0.009606956490464212
0.00963843834213019 0.009609081399686541
0.00963843834213019 0.009609081399686541
0.00963843834213019 0.009609081399686541
0.00963843834213019 0.009609081399686541
0.00963843834213019 0.009609081399686541
0.00965133235524386 0.009612343910150051
0.00965133235524386 0.009612343910150051
0.00965133235524386 0.009612343910150051
0.00965133235524386 0.009613084794391559
0.009653712010581218 0.00961845501824253
0.009653712010581218 0.00961845501824253
0.00965724787031173 0.009620420069843552
0.00965724787031173 0.00962269935022691
0.00965724787031173 0.00962269935022691
0.00965724787031173 0.009627310445424097
0.00965724787031173 0.009627310445424097
0.00965724787031173 0.009627310445424097
0.00965724787031173 0.009627310445424097
0.00965724787031173 0.009627310445424097
0.00965724787031173 0.009627415718687478
0.009659406323487446 0.0096275377696403
0.009659406323487446 0.0096275377696403
0.009659406323487446 0.00962786385009883
0.009659406323487446 0.00962786385009883
0.009659406323487446 0.00962786385009883
0.009659406323487446 0.00962786385009883
0.009659406323487446 0.00962786385009883
0.009659406323487446 0.00962786385009883
0.009659406323487446 0.00962786385009883
Final fitness: 0.009659406323487446
[0.19853646898794622, 0.19615360037119456, 0.0992808924736461, 0.4360053204160887, 0.10199110704736822, 0.3, 0.000799595546567701, 0.3003987936404433, 0.30035130634409846, 0.30054830816994266, 0.01795289188081753, 0.3905128958078161, 0.007985828929114536, 0.302648334658846, 0.4094444462708868, 0.3, 0.39545420368769, 0.24132625122554685, 0.5387195190480187, 0.013251467001009931, 0.29689930253448515, 0.0015824944549534953, 0.10153252136921095, 0.40346381132929604, 0.5136132569397935, 0.0274533153409037, 0.48321748277223, 0.4, 0.4992583614859492, 0.41574183122205094, 0.5404604384702307, 0.399737389670637, 0.1089351096168524, 0.1412200806767808, 0.02837771854203805, 0.035191347997553246, 0.004817347948330303, 0.2946806987495522, 0.1, 0.40000728421710396, 0.4, 0.401855926441551, 0.015724709255567237, 0.2980978721483099, 0.19995952055745145, 0.08992751304397059, 0.46948508056144517, 0.08678323914180727, 0.4529332255919857, 0.09660141068286038, 0.5049182063301878, 0.4012062191669041, 0.1995302745063164, 0.20088998728603252, 0.20031214331051736, 0.00487013924843023, 0.278788919581594, 0.2900345212696479, 0.3, 0.19995724363878303, 0.025529613793358677, 0.13972611756662412, 0.10684619840506096, 0.5147375841525174, 0.10586981724973209, 0.08661186852939312, 0.36573532119526114, 0.099571839897921, 0.4975935875163664, 0.3, 0.20715686575498074, 0.5010323728835799, 0.30022186688669317, 0.027490571145539572, 0.355694320464675, 0.298907743880719, 0.3082457304674559, 0.09835228308528171, 0.19444678521888742, 0.19727931051636852, 0.573592757730404, 0.29549900898930204, 0.30509039393419435, 0.5441816299361846, 0.0973171315937977, 0.40323863985784536, 0.03361750754324363, 0.19628326964126525, 0.39978162557732067, 0.29954418241263064, 0.07883535921665583, 0.3025154177802349, 0.503372925753716, 0.05815062656800349, 0.19728524724430235, 0.4063570742756622, 0.48544558483862976, 0.09896357084573751, 0.5022953118846178, 0.09541504410110122, 0.3, 0.057505172086688705, 0.3117676555289968, 0.0097855567857556, 0.12099983441514897, 0.1, 0.19466262570367363, 0.5013965430381125, 0.19790615263853586, 0.30000689538216496, 0.19565891070142968, 3.799653166000844e-05, 0.3107136837105872, 0.40416613182441663, 0.2978498060574836, 0.019049291382469524, 0.19250822484598817, 0.2967128840298195, 0.09747807441227291, 0.00020034086154482877, 0.373491723359501, 0.2156123732631553, 0.40143223174264514, 0.3998703542149273, 0.3, 0.2, 0.00026256548551087215, 0.19517477210057935, 0.14494908834102868, 0.3851181295980127, 0.09759762041839057, 0.27298386218125414, 0.30124020051042133, 0.1833657156558312, 0.29953772342104545, 0.3025016531172601, 0.29959688852653704, 0.483015722119677, 0.10211553089350306, 0.3305779078153064, 0.5, 0.29931281193794135, 0.4805988471337122, 0.505123860098009, 0.4147006149125778, 0.12753146340914154, 0.1339273682154933, 0.49784549641866677, 0.5002397224891992, 0.027876490029319162, 0.10350343089952253, 0.3, 0.39077733277198373, 0.09042394573576609, 0.40091948630014795, 0.0232678510772978, 0.09639709787724696, 0.2025855140478823, 0.3894066451439079, 0.4787043228721397, 0.29994111445253135, 0.030826639952428736, 0.49087779595702624, 0.2, 0.40074695739212174, 0.000529603875602358, 0.39776686583395227, 0.0, 0.09829561181196715, 0.005734330069054751, 0.1010552744511424, 0.5185260438755139, 0.016322254238495898, 0.4041105793493942, 0.09920403631850566, 0.2996841980161412, 0.5, 0.20555188680958889, 0.30409603738374436, 0.06600126682320596, 0.2635441653045917, 0.10230073596038392, 0.29925675739010293, 0.08228758318587925, 0.19721108442725443, 0.1, 0.017468643849845977, 0.08874647186725368, 0.18560492942732504, 0.2, 0.3078681669804569, 0.31821679596844876, 0.0019028611818197455, 0.5113725350035897, 0.0052663021380709996, 0.09818627742507724, 0.008588521891265105, 0.09264879098717757, 0.40084562262383805, 0.09931369384144881]
