1 7.0 [1, 4, 6]
2 9.0 [2, 6]
3 14.0 [1, 5]
4 0.0 [2, 4]
5 4.0 [5, 8]
6 7.0 [1, 7]
7 11.0 [1, 5]
8 3.0 [1, 2, 5]
9 10.0 [1, 4, 8]
10 10.0 [2, 5]
11 15.0 [1, 3, 4]
12 6.0 [4, 5]
13 12.0 [2, 7]
14 3.0 [1, 3, 4]
15 16.0 [4, 5, 6]
16 13.0 [1, 6, 8]
17 11.0 [4, 6, 8]
18 15.0 [3, 4]
19 5.0 [1, 7]
20 7.0 [1, 4, 5]
(13, 20)
(5, 7)
(9, 20)
(19, 20)
(8, 12)
(8, 17)
(15, 16)
(3, 4)
(12, 17)
(4, 16)
(4, 13)
(3, 9)
(8, 15)
(10, 13)
(15, 18)
(12, 18)
(17, 19)
(13, 15)
(17, 20)
(6, 16)
(9, 15)
(6, 13)
(4, 5)
(18, 20)
(13, 19)
(17, 18)
(7, 10)
(10, 16)
(13, 16)
(1, 3)
(1, 6)
(18, 19)
(12, 13)
(7, 15)
(16, 20)
(7, 19)
(14, 16)
(9, 11)
(14, 20)
(11, 20)
(6, 7)
(3, 11)
(9, 10)
(4, 8)
1 20083.0 [7, 5, 8, 6, 2, 1]
2 20166.0 [5, 2, 7, 3, 1, 6]
3 19913.0 [3, 1, 4, 6, 8, 2]
4 6812.0 [8, 5]
5 6803.0 [3, 5]
6 6587.0 [3, 8]
7 6545.0 [6, 8]
8 6758.0 [8, 5]
9 6751.0 [8, 5]
10 3424.0 [5]
0.20625030003884212 0.006063676768217666
0.24163770322808403 0.22902377034638643
0.24163770322808403 0.23343711197383044
0.24318135461378731 0.23804600080029725
0.24318135461378731 0.23804600080029725
0.24318135461378731 0.23804600080029725
0.24318135461378731 0.23804600080029725
0.24318135461378731 0.23804600080029725
0.24591509573263076 0.23837388640424576
0.24591509573263076 0.23838118995585114
0.24591509573263076 0.23877005582159205
0.2477049336519277 0.23909847573911738
0.2477049336519277 0.23909847573911738
0.2477049336519277 0.23970417377556266
0.2477049336519277 0.23988316671621618
0.2477049336519277 0.23988316671621618
0.2477049336519277 0.23988316671621618
0.24977852561480826 0.24050081860458986
0.24977852561480826 0.24050081860458986
0.24977852561480826 0.240532508870522
0.24977852561480826 0.240532508870522
0.25816113758627734 0.24263711416509973
0.25816113758627734 0.2427554798820664
0.25816113758627734 0.24307142868779047
0.25816113758627734 0.24591509573263076
0.25816113758627734 0.24591509573263076
0.25816113758627734 0.24700814010325936
0.25816113758627734 0.24700814010325936
0.25816113758627734 0.24700814010325936
0.25816113758627734 0.24700814010325936
0.25816113758627734 0.24700814010325936
0.25816113758627734 0.24700814010325936
Final fitness: 0.25816113758627734
[0.4, 0.29203681409658855, 0.29974719228409424, 0.2762231020819097, 0.5, 0.1, 0.10024020102050937, 0.5, 0.19365565109207633, 0.3, 0.09904827674662559, 0.4, 0.0041007758083157755, 0.4885982350395049, 0.5, 0.2, 0.500081453077511, 0.1, 0.0, 0.5102865124394692, 0.12244694512336793, 0.5, 0.0, 0.20018512621836393, 0.2, 0.5, 0.47997181461964256, 0.29167123332527206, 0.4, 0.4302421357790405, 0.01114381161057204, 0.39842618134193314, 0.4955834577712542, 0.20260425889778608, 0.4, 0.19533197693568372, 0.0, 0.4204104061703243, 0.5, 0.1, 0.0, 0.4, 0.5, 0.10472286265940602, 0.513728713129536, 0.3, 0.3, 0.0, 0.1299023331804539, 0.5, 0.197140482098959, 0.0, 0.3039686268190138, 0.4, 0.015493768983231349, 0.4, 0.38107239625014694, 0.18443919581219337, 0.5, 0.2, 0.3, 0.2, 0.09976441687330492, 0.5282942294446032, 0.09704719184732638, 0.20117812344959435, 0.3, 0.2, 0.4, 0.5, 0.5, 0.3718579817377474, 0.0007046960239056044, 0.0025921695309671366, 0.39275431987497067, 0.5, 0.30173652581781757, 0.1, 0.2005268746766893, 0.3045635126570597, 0.30219467910762543, 0.3066079976331523, 0.3, 0.4568440911680899, 0.3, 0.20206934774421234, 0.30512599485239744, 0.0, 0.4, 0.4033462960902029, 0.1, 0.5004906369285249, 0.19709517079315517, 0.5171303972104222, 0.19943555761653117, 0.10668867297704955, 0.4, 1.692884096796436e-05, 0.5003388236232662, 0.1923725973273171, 0.388477145172753, 0.3, 0.5, 0.5, 0.1, 0.0, 0.32962280326139737, 0.4, 0.2993028858351513, 0.43461327416228634, 0.40093391494219865, 0.3974668985272926, 0.3, 0.1, 0.1970442516838933, 0.3131315907563258, 0.09993162674234138, 0.29977606641524684, 0.2982157117985663, 0.1, 0.4059906065724537, 0.4985874859078461, 0.4, 0.39607100633627923, 0.5000054491679461, 0.29955549965238626, 0.1, 0.3, 0.3, 0.29401632128939137, 0.10075679233014746, 0.0031369905981254442, 0.2888149749301671, 0.1974659395317111, 0.4, 0.1007360231754045, 0.3999999252415448, 0.1, 0.0, 0.19515789349356436, 0.20970651129002382, 0.1, 0.5001082312151074, 0.19996518869103339, 0.004980910443692754, 0.0, 0.3590462963264529, 0.1, 0.3048759140853341, 0.2, 0.19994045905906802, 0.3, 0.49275930206282353, 0.5, 0.2931360232212402, 0.28828993684650595, 0.1356916816256348, 0.3, 0.5, 0.06504910505975753, 0.4, 0.4996510863358224, 0.4095517705600487, 0.4951857525603743, 0.3, 0.10090244653429292, 0.0, 0.2, 0.5057032174359364, 0.3, 0.3, 0.39875513372381693, 0.2, 0.0041986703519922355, 0.02131941374050207, 0.5213087501620797, 0.40793159601832696, 0.20036682234420747, 0.2015059397948813, 0.3121665795817096, 0.0945474931019325, 0.2997637799954746, 0.5077688395687869, 0.2721952915631294, 0.1, 0.4, 0.37156721111420976, 0.374749446215834, 0.0, 0.10231468118348613, 0.3086362556182288, 0.4, 0.0, 0.2, 0.09736900643621968, 0.1, 0.21254460546154494, 0.0960176182624943, 0.5, 0.1]
