1 6.0 [4, 6, 8]
2 16.0 [1, 4, 7]
3 17.0 [1, 5, 7]
4 2.0 [8, 9]
5 6.0 [2, 8, 9]
6 13.0 [1, 3]
7 17.0 [5, 7, 10]
8 9.0 [1, 3, 5]
9 10.0 [5, 8]
10 10.0 [4, 5]
(5, 7)
(8, 9)
(1, 2)
(4, 5)
(6, 10)
(8, 10)
(1, 4)
(3, 7)
1 19924.0 [7, 1, 2, 8, 3, 9]
2 20043.0 [1, 2, 6, 5, 7, 9]
3 20038.0 [2, 5, 3, 1, 8, 6]
4 20141.0 [3, 5, 8, 10, 6, 4]
5 19968.0 [5, 3, 8, 10, 7, 9]
6 19933.0 [8, 2, 3, 5, 10, 6]
7 20017.0 [8, 2, 5, 9, 6, 3]
8 6769.0 [2, 7]
9 6735.0 [9, 7]
10 6582.0 [6, 10]
11 6565.0 [2, 10]
12 6625.0 [4, 8]
13 3140.0 [10]
14 3423.0 [3]
15 3261.0 [4]
16 3266.0 [7]
17 3211.0 [7]
18 3484.0 [1]
19 3357.0 [10]
20 3408.0 [8]
0.009629467031441649 0.008701811510171435
0.009649348417511942 0.009609810115522997
0.009649348417511942 0.009621067679645993
0.009649348417511942 0.009621499067133318
0.009649348417511942 0.009621499067133318
0.009649348417511942 0.009622702185807689
0.009649348417511942 0.009623716333995601
0.009649348417511942 0.009623716333995601
0.009649348417511942 0.009623716333995601
0.009649348417511942 0.009624217741321031
0.009649348417511942 0.009624515125464665
0.009649348417511942 0.009624684597871141
0.009649348417511942 0.009624684597871141
0.009649348417511942 0.009625484611816873
0.009649348417511942 0.009625677664834712
0.009649348417511942 0.009625677664834712
0.009649348417511942 0.009626994131661584
0.009649348417511942 0.009629128730618849
0.009649348417511942 0.009629128730618849
0.009649348417511942 0.009629128730618849
0.009649348417511942 0.009629128730618849
0.009653583495897868 0.009629467031441649
0.009653583495897868 0.009629467031441649
0.009653583495897868 0.009630363407960217
0.009653583495897868 0.009630363407960217
0.009653583495897868 0.009631246207546277
0.009653583495897868 0.009631246207546277
0.009653583495897868 0.009631246207546277
0.009653583495897868 0.00963126854955807
0.009653583495897868 0.00963126854955807
0.009653583495897868 0.00963126854955807
0.009653583495897868 0.009632602328530937
Final fitness: 0.009653583495897868
[0.3251997998587559, 0.382358364928445, 0.4163374247744873, 0.04079717678321146, 0.32555783515439835, 0.40346572788662427, 0.4148302031490841, 0.17717870522520868, 0.5090210327891191, 0.3798203141591223, 0.2919496073976529, 0.020470810727423128, 0.4944398487991517, 0.08843941483602555, 0.20725075951750993, 0.47831069499301904, 0.6173542922797043, 0.4000974152646171, 0.031334590859239175, 0.5112216979857348, 0.38583040711976146, 0.3006391483238901, 0.19167474073900906, 0.11855214388628452, 0.49836077306248466, 0.5247022987543836, 0.40479513377551113, 0.2896202681632413, 0.3841740792461717, 0.011117305749162781, 0.3060807051985107, 0.27852762127115976, 0.41134241279081274, 0.30290635968189666, 0.2919037689006911, 0.05340338869501196, 0.4030190785940379, 0.2990794202364358, 0.030348869942884035, 0.13440678927712904, 0.5, 0.03789058456528137, 0.31070549138565323, 0.1009526269825901, 0.1327336842563634, 0.2838408437730946, 0.19226250318381088, 0.4571759068489951, 0.27505195405671906, 0.11948409292756652, 0.45106410960920845, 0.2946773478018849, 0.46423227768115083, 0.18985914660939457, 0.08676000716967469, 0.07094216557416017, 0.031673931606152464, 0.2, 0.33808918301099733, 0.14276420673698612, 0.10125468057493589, 0.13369938553717597, 0.07410404759926667, 0.1, 0.19490845781062605, 0.33194118465846895, 0.005461191684781652, 0.10268170741481215, 0.10020715725797547, 0.3793767493997243, 0.209520158765864, 0.4741543044971007, 0.4935961013513682, 0.014387905328575867, 0.039035963298065385, 0.20560710410950905, 0.2937460631606183, 0.40152853254668114, 0.029857871388453965, 0.2747834687465868, 0.48798392158757425, 0.3148269746594936, 0.1058704003093469, 0.37265317522377456, 0.2952354454203746, 0.02329741612194962, 0.20335492955708287, 0.20039080062049025, 0.39629358789943114, 0.22776140728423389, 0.012652150323360603, 0.10642553555611567, 0.4, 0.050222598712268966, 0.35300476088207366, 0.31951198925671925, 0.29810212733297214, 0.20949212818724014, 0.08205942455378515, 0.19133772380133757, 0.21007469338419138, 0.0029385621238293197, 0.41955571784587825, 0.14455294451823386, 0.32262649720237374, 0.5077840874992242, 0.07845412386158954, 0.3081570618527058, 0.31595553285439043, 0.4016890396429489, 0.09333538143294867, 0.5, 0.06229452646320238, 0.5257141532420635, 0.17433863300044952, 0.5177778623984205, 0.03900102917575826, 0.020320305011737073, 0.4777724223682645, 0.27764017368763094, 0.09718354499076902, 0.31067162606347537, 0.0034074952395234948, 0.20052891192193673, 0.16540213795982328, 0.09934130749175131, 0.4639028541808053, 0.3994550175638373, 0.3709023866900558, 0.017114703175681895, 0.42276441786802754, 0.24669140379551852, 0.07050922679661663, 0.30182736208983446, 0.3000916230917336, 0.21650724486830358, 0.22812947733509678, 0.14269730079431808, 0.2856241558366078, 0.5058687399846545, 0.08706019115381794, 0.11424595915169729, 0.016870148452483205, 0.1972186454228381, 0.1879729079413369, 0.14129244163198637, 0.20324475388634752, 0.02097894861876548, 0.39392512878174607, 0.49582641365387015, 0.39437256418252764, 0.0031826470768624993, 0.05724429247019444, 0.3129924574637062, 0.1074574611320542, 0.28998656052849203, 0.3996177710216823, 0.19877573763677148, 0.022852140962274434, 0.045452127379218776, 0.02956269821078386, 0.3279587487006034, 0.07166720150339086, 0.08271143046396812, 0.10068030415734888, 0.19883606101660653, 0.4390029869757355, 0.2904665916515537, 0.084305607530584, 0.19867805250908033, 0.3450290292318269, 0.1968365772673087, 0.394525453867783, 0.39489034938814316, 0.18247905203182507, 0.4028746114759215, 0.3934331448091402, 0.5115152393681626, 0.07342689157027082, 0.4004346285618993, 0.5030517015562623, 0.3042192537515807, 0.19373469872151175, 0.3901301938880863, 0.1831682157780866, 0.5052868889944673, 0.5185794642754873, 0.4100754954347455, 0.36939574524840735, 0.3956579816294495, 0.04622215707340778, 0.3023793738372009, 0.38461127621457264, 0.20043502132218619, 0.39881597995321216, 0.3, 0.5240223746014007, 0.3567127244430306, 0.20137076976007684, 0.42385169796439065]
