1 6.0 [4, 6, 8]
2 16.0 [1, 4, 7]
3 17.0 [1, 5, 7]
4 2.0 [8, 9]
5 6.0 [2, 8, 9]
6 13.0 [1, 3]
7 17.0 [5, 7, 10]
8 9.0 [1, 3, 5]
9 10.0 [5, 8]
10 10.0 [4, 5]
(5, 7)
(8, 9)
(1, 2)
(4, 5)
(6, 10)
(8, 10)
(1, 4)
(3, 7)
1 10067.0 [7, 1, 2]
2 10052.0 [1, 2, 8]
3 9901.0 [2, 3, 9]
4 9851.0 [6, 5, 7]
5 9994.0 [5, 9, 3]
6 10057.0 [3, 5, 1]
7 10043.0 [5, 3, 8]
8 10031.0 [8, 6, 10]
9 10003.0 [8, 6, 4]
10 9763.0 [8, 10, 7]
11 10190.0 [9, 2, 3]
12 9873.0 [8, 2, 5]
13 9955.0 [10, 6, 2]
14 10033.0 [5, 9, 6]
15 9984.0 [9, 6, 3]
16 9933.0 [2, 4, 10]
17 10078.0 [3, 4, 7]
18 9885.0 [7, 1, 10]
19 9863.0 [8, 7, 10]
20 9955.0 [7, 10, 8]
0.009585824173179857 0.008739967017033837
0.00962106972137877 0.009591111933452877
0.009641707351980675 0.0096038867084718
0.009641707351980675 0.009603965941124771
0.009645692518342299 0.009605897193060474
0.009645692518342299 0.009610157218574252
0.009645692518342299 0.009613950629653598
0.009645692518342299 0.00961640301938796
0.009645692518342299 0.00961640301938796
0.009645692518342299 0.009616898013549655
0.009645692518342299 0.009616898013549655
0.009645692518342299 0.009618684432258247
0.009645692518342299 0.009618684432258247
0.009645692518342299 0.009618923862104686
0.009645692518342299 0.009618923862104686
0.009645692518342299 0.009618923862104686
0.009645692518342299 0.009618923862104686
0.009645692518342299 0.009619213075544645
0.009645692518342299 0.009619213075544645
0.009645692518342299 0.009619213075544645
0.009646803674902484 0.009625377053006423
0.009646803674902484 0.009625377053006423
0.009646803674902484 0.009625377053006423
0.009646803674902484 0.009625377053006423
0.009646803674902484 0.009625377053006423
0.009646803674902484 0.009625377053006423
0.009646803674902484 0.009625377053006423
0.009646803674902484 0.009625377053006423
0.009646803674902484 0.009625377053006423
0.009646803674902484 0.009625377053006423
0.009646803674902484 0.009625377053006423
0.009646803674902484 0.009625377053006423
Final fitness: 0.009646803674902484
[0.5349743994573108, 0.4927981294488449, 0.4990569885976633, 0.06446844745819524, 0.32699838210459303, 0.29311167735165705, 0.3, 0.00408014166089031, 0.3, 0.3459782468777133, 0.2930406908522079, 0.00037326953641957095, 0.2961171326824122, 0.35951734508162353, 0.42142720973051384, 0.11312439555070394, 0.008555682171515006, 0.5, 0.018597225816472135, 0.007338889513858138, 0.5, 0.43030674085423565, 0.28951642291104895, 0.5035054254189016, 0.0, 0.5, 0.1978570684749057, 0.10721915185130051, 0.10309548941947685, 0.4, 0.4020125671808584, 0.1252336274344913, 0.2, 0.2, 0.3027459188555735, 0.4, 0.2, 0.035009816823200646, 0.3, 0.4, 0.13923625681942164, 0.2812945039010346, 0.4978080644521419, 0.45200455121240907, 0.1, 0.10176218229833396, 0.4, 0.40002009354075685, 0.09166941667782852, 0.41096245558498656, 0.19942809589320293, 0.5020084454062209, 0.20158653728496653, 0.4, 0.19976870184169998, 0.29459362908569603, 0.3, 0.2952469772819597, 0.020062669536499517, 0.2, 0.009536201061731808, 0.3, 0.00020146626213929375, 0.5090201955199017, 0.4278564788610222, 0.13515895109978973, 0.08768719568165687, 0.5181008792458064, 0.4, 0.48293153518828413, 0.18601947846932781, 0.5299505932680675, 0.29319509749825406, 0.20031689552772752, 0.20720753392847382, 0.5174555962197479, 0.19703269199645335, 0.49955736888590546, 0.14157840790000817, 0.0, 0.4838681712825504, 0.093366292618912, 0.1, 0.5772762786321654, 0.3973369238624934, 0.3, 0.17087591027760082, 0.10230531231275654, 0.20230678540451205, 0.40130887680170535, 0.4087121584632347, 0.5006083758260854, 0.4, 0.4, 0.0019689791018687175, 0.4923549543648078, 0.3, 0.322418120254564, 0.1, 0.0, 0.10293044596658336, 0.1955719969847291, 0.4046832461524033, 0.3182884787210641, 0.14162970074523745, 0.1, 0.2853308752918507, 0.4, 0.4, 0.0, 0.5, 0.5054529728551399, 0.0965362766108375, 0.2, 0.3889722858845361, 0.021986318991239456, 0.0020069627047019246, 0.1, 0.40719287417133904, 0.09446765366346321, 0.1858185001269454, 0.5, 0.021069205664579024, 0.0, 0.1021009697909184, 0.39764430468228024, 0.0, 0.4609055582546526, 0.1, 0.1695165067593092, 0.1, 0.5, 0.1, 0.020547306261274878, 0.20562403690989453, 0.011533297668857662, 0.49321738193600045, 0.0921439787556623, 0.4, 0.22468246358523952, 0.2, 0.5, 0.22313140986996202, 0.5, 0.5, 0.10165830276717822, 0.1, 0.3, 0.1, 0.4, 0.49278166083579356, 0.4, 0.19965006507779928, 0.40951608514382304, 0.4, 0.1, 0.22022945972469987, 0.20170511017456697, 0.28908895357334624, 0.0, 0.4, 0.18500477276413316, 0.5, 0.022904373952249563, 0.5022694649827044, 0.1, 0.30096046527999715, 0.2, 0.031133700289693533, 0.40828938506702905, 0.5137706545288546, 0.17538538565482384, 0.026446455624749565, 0.2, 0.4, 0.3000081112420341, 0.09341140061893372, 0.48664227832065876, 0.002290990041027549, 0.19354136921323337, 0.20933997912519964, 0.5432500317817759, 0.2, 0.0031952919693165535, 0.42750775960366283, 0.10833007231621815, 0.5, 0.02846351202202685, 0.4037218359473198, 0.030823544305408318, 0.1, 0.5477810031230398, 0.4012646861192149, 0.3, 0.5647059425749476, 0.2, 0.4, 0.0, 0.5477596953806294, 0.0033310439166904515]
