1 7.0 [1, 4, 6]
2 9.0 [2, 6]
3 14.0 [1, 5]
4 0.0 [2, 4]
5 4.0 [5, 8]
6 7.0 [1, 7]
7 11.0 [1, 5]
8 3.0 [1, 2, 5]
9 10.0 [1, 4, 8]
10 10.0 [2, 5]
11 15.0 [1, 3, 4]
12 6.0 [4, 5]
13 12.0 [2, 7]
14 3.0 [1, 3, 4]
15 16.0 [4, 5, 6]
16 13.0 [1, 6, 8]
17 11.0 [4, 6, 8]
18 15.0 [3, 4]
19 5.0 [1, 7]
20 7.0 [1, 4, 5]
(13, 20)
(5, 7)
(9, 20)
(19, 20)
(8, 12)
(8, 17)
(15, 16)
(3, 4)
(12, 17)
(4, 16)
(4, 13)
(3, 9)
(8, 15)
(10, 13)
(15, 18)
(12, 18)
(17, 19)
(13, 15)
(17, 20)
(6, 16)
(9, 15)
(6, 13)
(4, 5)
(18, 20)
(13, 19)
(17, 18)
(7, 10)
(10, 16)
(13, 16)
(1, 3)
(1, 6)
(18, 19)
(12, 13)
(7, 15)
(16, 20)
(7, 19)
(14, 16)
(9, 11)
(14, 20)
(11, 20)
(6, 7)
(3, 11)
(9, 10)
(4, 8)
1 9949.0 [7, 5, 8]
2 9882.0 [5, 8, 2]
3 10029.0 [2, 7, 5]
4 10072.0 [3, 1, 6]
5 10250.0 [3, 1, 4]
6 9818.0 [6, 8, 2]
7 9928.0 [8, 3, 6]
8 9976.0 [3, 8, 5]
9 10053.0 [8, 5, 6]
10 10072.0 [5, 8, 1]
0.23553932023543878 0.006065048429737038
0.24898451312452968 0.23367241093373417
0.24898451312452968 0.23637220143160614
0.24898451312452968 0.23906675054026288
0.24898451312452968 0.23912866165995103
0.24898451312452968 0.24104202417499743
0.251161567643982 0.243287044875682
0.251161567643982 0.24348795253351152
0.251161567643982 0.2436553555456651
0.251161567643982 0.2436553555456651
0.251161567643982 0.2437509327013155
0.251161567643982 0.2437509327013155
0.251161567643982 0.24398821257330328
0.251161567643982 0.24398821257330328
0.251161567643982 0.2446101488555183
0.251161567643982 0.24569282172337795
0.2521125837748644 0.24593087638388478
0.2521125837748644 0.24667985601942846
0.2521125837748644 0.24667985601942846
0.2521125837748644 0.24667985601942846
0.2521125837748644 0.24667985601942846
0.2521125837748644 0.24667985601942846
0.2521125837748644 0.24667985601942846
0.2521125837748644 0.24667985601942846
0.2521125837748644 0.246855937750993
0.2521125837748644 0.246855937750993
0.2521125837748644 0.246855937750993
0.2521125837748644 0.246855937750993
0.2521125837748644 0.246855937750993
0.2521125837748644 0.246855937750993
0.2521125837748644 0.246855937750993
0.2521125837748644 0.246855937750993
Final fitness: 0.2521125837748644
[0.3736624613814481, 0.13042876715262136, 0.49737763827955606, 0.5163933593516941, 0.29638590921114116, 0.1853941837679664, 0.5005336799022196, 0.3416102509191779, 0.4137319111445426, 0.3924406058336656, 0.09765967567493794, 0.32976378129025735, 0.1, 0.395994172303977, 0.20365996657819424, 0.02432845163357697, 0.5108960193717615, 0.028686789745678676, 0.2898526778932296, 0.28554332600309623, 0.11425894295380218, 0.2804965214648179, 0.19720584819567671, 0.303714330485202, 0.29986334415342086, 0.30129562906869845, 0.19996592762939028, 0.0732670842096868, 0.001094018045509182, 0.197816930254274, 0.20017212436511164, 0.09226094486275523, 0.2, 0.39918827025005066, 0.10141726424151173, 0.05598464901206551, 0.20004784426687292, 0.19555766010082562, 0.31192442059282527, 0.3896028306274899, 0.42985454247905414, 0.40001229664578364, 0.1724456529901049, 0.2, 0.2028898789972126, 0.30307936871251323, 0.5204349561971285, 0.33360276947650397, 0.3149794903819697, 0.5407530521477117, 0.4201552530319388, 0.29808643440335536, 0.2852826313276232, 0.10671423361745808, 0.010143601804913471, 0.4457094911154371, 0.4660335305484759, 0.4608307898536694, 0.1, 0.48609126882565895, 0.4026586982894661, 0.4929035797348816, 0.5091374516574922, 0.0, 0.20012217571625007, 0.036156927927859045, 0.2005128390160469, 0.19631365564534523, 0.10418914237957425, 0.006286852309742547, 0.302602922787167, 0.17794672197070743, 0.10279674536747752, 0.20710191947877954, 0.19351384494048884, 0.06844317442437443, 0.0021537054654941212, 0.5185770876646525, 0.5, 0.1374979378350877, 0.29609793893483366, 0.3033968149881562, 0.001754036372576609, 0.1994219160435767, 0.09052830348662273, 0.10726599163007472, 0.255732167920017, 0.4664812169940039, 0.2966828692872035, 0.20037004627462998, 0.004213918556896512, 0.32971454471438594, 0.11025819871340886, 0.4, 0.2990433266173306, 0.20095840063833031, 0.41679854381799075, 0.10314455962166527, 0.08124435418285797, 0.20532805584510075, 0.4, 0.4552475605205377, 0.12548027331222233, 0.027237283197627554, 0.30207882799763963, 0.501508851862293, 0.1998540927614939, 0.311495923628197, 0.13428764075314908, 0.3971719219932548, 0.11020581600959166, 0.003332847046359111, 0.30472378386591126, 0.10064952509765762, 0.457527010312503, 0.015262559337016035, 0.3533098966375831, 0.10225443589089445, 0.008080387630157296, 0.3878660953398946, 0.20043523826889773, 0.3976138560240353, 0.29233055238131145, 0.20240931271405557, 0.39826243995054933, 0.10062863906371994, 0.10262244167275873, 0.42505921866202806, 0.5222877836762401, 0.018844840904024024, 0.20189717632823923, 0.04555469275774181, 0.3236134381375441, 0.49384146475910573, 0.19799487278470237, 0.0003344805373151731, 0.5175153547079573, 0.39539638195241755, 0.515917859317665, 0.39729879655561223, 0.0031740860453266656, 0.4845893635972546, 0.09611175717988835, 0.31765690469382035, 0.49990540499667435, 0.08146346763075951, 0.21091559045496452, 0.39654994859525367, 0.20956987396256893, 0.10326778047555947, 0.40082341219629686, 0.20457335515190148, 0.17189900013790796, 0.1963377224750171, 0.00473824891681035, 0.06516240301071427, 0.42730563224119056, 0.3, 0.0, 0.5018184291422415, 0.4841728405537338, 0.20197639338046725, 0.037034685780357235, 0.12770117621738947, 0.4765263759843883, 0.5, 0.3961089021783175, 0.5022058496939682, 0.30026075576146116, 0.10048683156975763, 0.09620856304323208, 0.4, 0.015956590197743592, 0.49599148245018937, 0.4019175796439162, 0.10616369571083678, 0.3, 0.10635528069662925, 0.29268722261330304, 0.39861162738843725, 0.5536227888045807, 0.5342494281298977, 0.0913554598337754, 0.2999848125359646, 0.30000576055736505, 0.19805457324492295, 0.012397769939406333, 0.0024513290257338755, 0.20456858226300798, 0.4062889664299215, 0.3990699387751388, 0.4695970172412052, 0.49581097147722575, 0.10295335765299518, 0.37402772059091594, 0.3751913319796484, 0.17523877091373596, 0.2000150399486501, 0.4092020874596215, 0.025796884952686394]
