1 7.0 [1, 4, 6]
2 9.0 [2, 6]
3 14.0 [1, 5]
4 0.0 [2, 4]
5 4.0 [5, 8]
6 7.0 [1, 7]
7 11.0 [1, 5]
8 3.0 [1, 2, 5]
9 10.0 [1, 4, 8]
10 10.0 [2, 5]
11 15.0 [1, 3, 4]
12 6.0 [4, 5]
13 12.0 [2, 7]
14 3.0 [1, 3, 4]
15 16.0 [4, 5, 6]
16 13.0 [1, 6, 8]
17 11.0 [4, 6, 8]
18 15.0 [3, 4]
19 5.0 [1, 7]
20 7.0 [1, 4, 5]
(13, 20)
(5, 7)
(9, 20)
(19, 20)
(8, 12)
(8, 17)
(15, 16)
(3, 4)
(12, 17)
(4, 16)
(4, 13)
(3, 9)
(8, 15)
(10, 13)
(15, 18)
(12, 18)
(17, 19)
(13, 15)
(17, 20)
(6, 16)
(9, 15)
(6, 13)
(4, 5)
(18, 20)
(13, 19)
(17, 18)
(7, 10)
(10, 16)
(13, 16)
(1, 3)
(1, 6)
(18, 19)
(12, 13)
(7, 15)
(16, 20)
(7, 19)
(14, 16)
(9, 11)
(14, 20)
(11, 20)
(6, 7)
(3, 11)
(9, 10)
(4, 8)
1 9949.0 [7, 5, 8]
2 9882.0 [5, 8, 2]
3 10029.0 [2, 7, 5]
4 10072.0 [3, 1, 6]
5 10250.0 [3, 1, 4]
6 9818.0 [6, 8, 2]
7 9928.0 [8, 3, 6]
8 9976.0 [3, 8, 5]
9 10053.0 [8, 5, 6]
10 10072.0 [5, 8, 1]
0.23114228184547064 0.006478839249154978
0.24828007537792726 0.23354534192948398
0.24828007537792726 0.23593427378377108
0.24828007537792726 0.23668473798214817
0.25326560001496295 0.24093759970039477
0.25326560001496295 0.24351544862511196
0.25326560001496295 0.24351544862511196
0.25326560001496295 0.24351544862511196
0.25326560001496295 0.2435553771480802
0.25326560001496295 0.2435553771480802
0.25326560001496295 0.2435553771480802
0.25326560001496295 0.2435553771480802
0.25326560001496295 0.2435553771480802
0.25326560001496295 0.2442594220295896
0.25326560001496295 0.2442594220295896
0.25326560001496295 0.2442594220295896
0.25326560001496295 0.2442594220295896
0.25326560001496295 0.2442594220295896
0.25326560001496295 0.2442594220295896
0.25326560001496295 0.2442594220295896
0.25326560001496295 0.2442594220295896
0.25326560001496295 0.2442594220295896
0.25326560001496295 0.2442594220295896
0.25326560001496295 0.24477291270494642
0.25326560001496295 0.24477291270494642
0.25326560001496295 0.24477291270494642
0.2551111062043259 0.24715931592527102
0.2551111062043259 0.24715931592527102
0.2551111062043259 0.24715931592527102
0.2551111062043259 0.24715931592527102
0.2551111062043259 0.24715931592527102
0.2551111062043259 0.24715931592527102
Final fitness: 0.2551111062043259
[0.2, 0.036249528468297376, 0.29676601387744395, 0.1725554926147954, 0.39882470531928277, 0.493342631941107, 0.4994610136678832, 0.4633533892505706, 0.48004577833234774, 0.07251567230366744, 0.3886946271567705, 0.07179008058058567, 0.31015926648077147, 0.32302602744801745, 0.5338370037594473, 0.365739942004755, 0.5418039855024954, 0.2, 0.0883837053111016, 0.3218956561573234, 0.0025879864905763578, 0.2, 0.5, 0.29227435896877624, 0.25942349145312554, 0.2673889870751595, 0.005279734985732004, 0.014310276675125633, 0.10906889376863016, 0.2029005555509824, 0.03722506179174373, 0.20478041141601896, 0.2, 0.008177547069521868, 0.13135379245969533, 0.394610063941971, 0.30851558703732573, 0.0004942861954138206, 0.20014366880496023, 0.308467910289698, 0.21834754555316044, 0.12076861018541916, 0.00020008818327255096, 0.20211185477934746, 0.3291049346540963, 0.3653557384120035, 0.016910358260703466, 0.39953093858301136, 0.4269625732527239, 0.03999569227090549, 0.20553029878612986, 0.4, 0.23862908157937027, 0.5310751910099365, 0.15993545195033135, 0.399652471801045, 0.5032653626177195, 0.17416959574339405, 0.10195900032310037, 0.05541190617659886, 0.041436164088789584, 0.30625430998912995, 0.034429463149978135, 0.0, 0.5215665577980292, 0.3028675951816954, 0.48572402008151283, 0.12814312379691847, 0.19618239825379116, 0.10088155297016595, 0.3, 0.1, 0.029949396694033348, 0.13663220505749224, 0.30276368318151414, 0.09150026196530071, 0.38869871314301474, 0.5050196615007704, 0.01943537317291611, 0.4811695301915311, 0.4, 0.417860328307221, 0.4, 0.2245685048186854, 0.006517457274538396, 0.0035694432291009104, 0.0004550714579223238, 0.2602061074549179, 0.23880305996720386, 0.48391239448729095, 0.5092311938254511, 0.2, 0.3004264125535721, 0.4003936143915915, 0.352817875316093, 0.2, 0.19047140854662284, 0.17766879004452887, 0.12552947580668478, 0.2975073972098136, 0.1585652107606722, 0.3002923503386628, 0.2683351864125747, 0.17483890788275697, 0.3074440239507211, 0.10935410598758397, 0.40144985064616, 0.0, 0.5000650843611861, 0.03200766180618558, 0.39390801674941295, 0.5000074039121345, 0.09853944341659254, 0.20320531867079655, 0.10511550231900516, 0.0003587612642309678, 0.3071191337166514, 0.19545664984715952, 0.03859504981490687, 0.0012140734462413733, 0.4551331925555071, 0.5021057163753395, 0.20269130422865486, 0.4228076360970457, 0.38894737487241254, 0.3993535912731029, 0.5033029661638329, 0.19576332634847177, 0.10904233777779833, 0.012585899290379551, 0.4138128179386556, 0.5013368878013784, 0.5000146573646719, 0.2, 0.5867849665458693, 0.006527541103078793, 0.09228077101570362, 0.47098175164987693, 0.1, 0.3, 0.205859633381694, 0.027540068130607054, 0.0, 0.3, 0.3879243650161448, 0.2000341982456141, 0.012696114583320456, 0.5020961669966562, 0.5, 0.02862917089335834, 0.3078467300412803, 0.1982814376716244, 0.3100595383497288, 0.4108467954305491, 0.3979670786235837, 0.5159827040349386, 0.2678976814789456, 0.07298010585299639, 0.21069944308057076, 0.20140259622601142, 0.2967523294498991, 0.087753208967396, 0.2788253020200336, 0.2142714347638393, 0.4685793068611145, 0.21167134425035972, 0.18732516040997482, 0.4120425910567303, 0.3178383400950435, 0.5001534522174724, 0.031392145856492665, 0.09951154768733371, 0.2165220531008616, 0.003921823825177195, 0.07857027268703093, 0.4999896960214148, 0.017547283038931022, 0.15757391029400084, 0.39896765896117753, 0.399846442668023, 0.033859770975723624, 0.39644154079370425, 0.09999467915275147, 0.3, 0.502968903855206, 0.3239849961672008, 0.0029246232488328028, 0.3, 0.10713119812821212, 0.40354795722048475, 0.5010789751522657, 0.030337069694053614, 0.4596459045089146, 0.19153480376652943, 0.21128955606387184, 0.29723236866998076, 0.4921893246198212, 0.4, 0.012554306875786198, 0.49970074225219296]
