1 6.0 [4, 6, 8]
2 16.0 [1, 4, 7]
3 17.0 [1, 5, 7]
4 2.0 [8, 9]
5 6.0 [2, 8, 9]
6 13.0 [1, 3]
7 17.0 [5, 7, 10]
8 9.0 [1, 3, 5]
9 10.0 [5, 8]
10 10.0 [4, 5]
(5, 7)
(8, 9)
(1, 2)
(4, 5)
(6, 10)
(8, 10)
(1, 4)
(3, 7)
1 10067.0 [7, 1, 2]
2 10052.0 [1, 2, 8]
3 9901.0 [2, 3, 9]
4 9851.0 [6, 5, 7]
5 9994.0 [5, 9, 3]
6 10057.0 [3, 5, 1]
7 10043.0 [5, 3, 8]
8 10031.0 [8, 6, 10]
9 10003.0 [8, 6, 4]
10 9763.0 [8, 10, 7]
11 10190.0 [9, 2, 3]
12 9873.0 [8, 2, 5]
13 9955.0 [10, 6, 2]
14 10033.0 [5, 9, 6]
15 9984.0 [9, 6, 3]
16 9933.0 [2, 4, 10]
17 10078.0 [3, 4, 7]
18 9885.0 [7, 1, 10]
19 9863.0 [8, 7, 10]
20 9955.0 [7, 10, 8]
0.009607616694868442 0.008691202683775297
0.009652165448783194 0.009605585970297521
0.009652165448783194 0.009609590858343394
0.009652165448783194 0.009611550347920845
0.009652165448783194 0.009611572705575205
0.009652165448783194 0.009611572705575205
0.009652165448783194 0.009616311658484072
0.009652165448783194 0.009616311658484072
0.009652165448783194 0.009617682525612965
0.009652165448783194 0.009617682525612965
0.009652165448783194 0.009617682525612965
0.009652165448783194 0.009620959668521608
0.009652165448783194 0.009621298811675396
0.009652165448783194 0.009621298811675396
0.009652165448783194 0.009621814243976812
0.009652165448783194 0.009621814243976812
0.009652165448783194 0.009621814243976812
0.009652165448783194 0.009621814243976812
0.009652165448783194 0.009621814243976812
0.009652165448783194 0.009621814243976812
0.009652165448783194 0.009621814243976812
0.009652165448783194 0.009621814243976812
0.009652165448783194 0.009621814243976812
0.009652165448783194 0.009621814243976812
0.009652165448783194 0.009621814243976812
0.009652165448783194 0.009621814243976812
0.009652165448783194 0.009621814243976812
0.009652165448783194 0.009621814243976812
0.009652165448783194 0.009621814243976812
0.009652165448783194 0.009621814243976812
0.009652165448783194 0.009622267705121798
0.009652165448783194 0.009622267705121798
Final fitness: 0.009652165448783194
[0.29514117172461, 0.504425736102486, 0.0, 0.19905134966334787, 0.19896079627373978, 0.5017130160868316, 0.2946375989739249, 0.5, 0.0, 0.2, 0.0, 0.4, 0.1, 0.3, 0.2, 0.19845176355217536, 0.1, 0.2, 0.29880048131721626, 0.08514482691822675, 0.3, 0.03305663292795549, 0.5, 0.05542032249982379, 0.10543725328187956, 0.3997440642277267, 0.045656855984157224, 0.10531397427711256, 0.0, 0.0030550223988984604, 0.1, 0.40915877119408806, 0.2, 0.3, 0.2, 0.1, 0.0, 0.0006696877079818142, 0.2, 0.01025116526854139, 0.08765120602857675, 0.0, 0.3854838136187921, 0.12199810014474499, 0.2, 0.2, 0.1, 0.5, 0.2959302292959938, 0.1, 0.0, 0.10864162749374964, 0.09513969182158508, 0.0048632281571740835, 0.5, 0.4901457352632138, 0.5080899507343912, 0.2619423156419489, 0.29762200036844944, 0.10777187080013527, 0.2, 0.4, 0.5272877901009062, 0.031738850997908366, 0.4, 0.021793134472463366, 0.4, 0.3, 0.1975613134355492, 0.010168378851611676, 0.3161052054403536, 0.5, 0.4, 0.5, 0.11248031478437359, 0.4, 0.10603195135299484, 0.3013630381067418, 0.3126503892654099, 0.0, 0.4, 0.5, 0.5341020541017978, 0.3, 0.5, 0.48067756573673803, 0.5043293435929809, 0.2, 0.503500378899273, 0.2, 0.49455142520503864, 0.3, 0.20756644623341974, 0.0, 0.056392623033818035, 0.5, 0.1, 0.0, 0.39605857990871846, 0.3047351531119922, 0.1011818745643426, 0.5, 0.0, 0.10674193095244675, 0.1, 0.5, 0.014148213119343833, 0.5, 0.3, 0.034078727589052726, 0.49920106529797154, 0.2, 0.5214875971179012, 0.318722358852358, 0.3, 0.2, 0.1996894605833775, 0.0, 0.1, 0.08594681397193021, 0.1, 0.2, 0.2, 0.3, 0.0, 0.2, 0.4, 0.0, 0.11061237023082063, 0.006291159767537413, 0.1, 0.4, 0.4, 0.2, 0.5, 0.049223953193807735, 0.1, 0.5, 0.5360043742353632, 0.1, 0.3, 0.5268217730940288, 0.3, 0.0, 0.491792676015806, 0.20659620232882608, 0.4, 0.3838168905800462, 0.14588283831565227, 0.12175798237574895, 0.2316169773990105, 0.0, 0.5, 0.04232245192577859, 0.3089162794380795, 0.5, 0.4, 0.02508818580070881, 0.08850311728552228, 0.07666111588969536, 0.2064885458761927, 0.3, 0.5, 0.4, 0.39611582161948766, 0.5074286794859488, 0.2, 0.4, 0.10713000590527436, 0.20911321027951324, 0.09811165798488912, 0.08455435938531342, 0.4, 0.40232216761065215, 0.09870459468160458, 0.17614001142785293, 0.30415783098268906, 0.4, 0.1, 0.4, 0.1, 0.5, 0.09967817265078813, 0.0, 0.2, 0.17775292190876152, 0.2, 0.3, 0.1738019491349095, 0.4840181668573068, 0.3, 0.19725887661815306, 0.14912331085083597, 0.01188781367523381, 0.3, 0.4, 0.30126638253881033, 0.4688578317168923, 0.2, 0.19784082860304947]
