1 7.0 [1, 4, 6]
2 9.0 [2, 6]
3 14.0 [1, 5]
4 0.0 [2, 4]
5 4.0 [5, 8]
6 7.0 [1, 7]
7 11.0 [1, 5]
8 3.0 [1, 2, 5]
9 10.0 [1, 4, 8]
10 10.0 [2, 5]
11 15.0 [1, 3, 4]
12 6.0 [4, 5]
13 12.0 [2, 7]
14 3.0 [1, 3, 4]
15 16.0 [4, 5, 6]
16 13.0 [1, 6, 8]
17 11.0 [4, 6, 8]
18 15.0 [3, 4]
19 5.0 [1, 7]
20 7.0 [1, 4, 5]
(13, 20)
(5, 7)
(9, 20)
(19, 20)
(8, 12)
(8, 17)
(15, 16)
(3, 4)
(12, 17)
(4, 16)
(4, 13)
(3, 9)
(8, 15)
(10, 13)
(15, 18)
(12, 18)
(17, 19)
(13, 15)
(17, 20)
(6, 16)
(9, 15)
(6, 13)
(4, 5)
(18, 20)
(13, 19)
(17, 18)
(7, 10)
(10, 16)
(13, 16)
(1, 3)
(1, 6)
(18, 19)
(12, 13)
(7, 15)
(16, 20)
(7, 19)
(14, 16)
(9, 11)
(14, 20)
(11, 20)
(6, 7)
(3, 11)
(9, 10)
(4, 8)
1 20083.0 [7, 5, 8, 6, 2, 1]
2 20166.0 [5, 2, 7, 3, 1, 6]
3 19913.0 [3, 1, 4, 6, 8, 2]
4 6812.0 [8, 5]
5 6803.0 [3, 5]
6 6587.0 [3, 8]
7 6545.0 [6, 8]
8 6758.0 [8, 5]
9 6751.0 [8, 5]
10 3424.0 [5]
0.24071823114100716 0.006472519191400436
0.24233838083713402 0.23178942735591465
0.24728200923573052 0.23526452756281258
0.24918396528672856 0.23576240846569277
0.24918396528672856 0.2371333205328591
0.24918396528672856 0.23799825559612203
0.24918396528672856 0.23799825559612203
0.24918396528672856 0.23799825559612203
0.25364766545737677 0.23905031757485928
0.25364766545737677 0.23905031757485928
0.25364766545737677 0.23905031757485928
0.25364766545737677 0.23905031757485928
0.25364766545737677 0.23905031757485928
0.25364766545737677 0.2395272259787592
0.25364766545737677 0.2408452422530581
0.25364766545737677 0.2408452422530581
0.25364766545737677 0.2408452422530581
0.25364766545737677 0.2429579237984
0.25364766545737677 0.24483269027541688
0.25364766545737677 0.2451651671242608
0.25364766545737677 0.24536655668203675
0.25364766545737677 0.2458460780551211
0.25364766545737677 0.2458460780551211
0.25364766545737677 0.2458460780551211
0.25364766545737677 0.2458460780551211
0.25364766545737677 0.2458460780551211
0.25364766545737677 0.24647141508796194
0.25364766545737677 0.24647141508796194
0.25364766545737677 0.24647141508796194
0.25364766545737677 0.24647141508796194
0.25364766545737677 0.24647141508796194
0.25364766545737677 0.24647141508796194
0.25364766545737677 0.24728200923573052
0.25364766545737677 0.24728200923573052
0.25364766545737677 0.24728200923573052
0.25364766545737677 0.24728200923573052
0.25364766545737677 0.24728200923573052
0.25364766545737677 0.24728200923573052
0.25364766545737677 0.24728200923573052
0.2547420020873222 0.2483183828458684
0.2547420020873222 0.2483183828458684
0.2547420020873222 0.2483183828458684
0.2547420020873222 0.2483183828458684
0.2547420020873222 0.2483183828458684
0.2547420020873222 0.2483183828458684
0.2547420020873222 0.2483183828458684
0.2547420020873222 0.2483183828458684
0.2547420020873222 0.2483183828458684
0.2547420020873222 0.2483183828458684
0.2547420020873222 0.2483183828458684
0.2547420020873222 0.2483183828458684
0.2547420020873222 0.2483183828458684
0.2547420020873222 0.2483183828458684
0.2547420020873222 0.24918396528672856
0.2547420020873222 0.24918396528672856
0.2547420020873222 0.24918396528672856
0.2547420020873222 0.24918396528672856
0.2547420020873222 0.24918396528672856
0.2547420020873222 0.24918396528672856
0.2547420020873222 0.24985215156236087
0.2547420020873222 0.24985215156236087
0.2547420020873222 0.24985215156236087
0.2547420020873222 0.24985215156236087
0.2547420020873222 0.24985215156236087
0.2547420020873222 0.24985215156236087
0.2547420020873222 0.24985215156236087
0.2547420020873222 0.24985215156236087
0.2547420020873222 0.24985215156236087
0.2547420020873222 0.24985215156236087
0.2547420020873222 0.24985215156236087
0.2547420020873222 0.24985215156236087
0.2547420020873222 0.24985215156236087
0.2547420020873222 0.24985215156236087
0.2547420020873222 0.24985215156236087
0.2547420020873222 0.24985215156236087
0.2547420020873222 0.24985215156236087
0.2547420020873222 0.24985215156236087
0.2547420020873222 0.24985215156236087
0.2547420020873222 0.24985215156236087
0.2547420020873222 0.24985215156236087
0.2547420020873222 0.24985215156236087
0.2547420020873222 0.24985215156236087
0.2547420020873222 0.24985215156236087
0.2547420020873222 0.24985215156236087
0.2547420020873222 0.24985215156236087
0.2547420020873222 0.24985215156236087
0.2547420020873222 0.24985215156236087
0.2547420020873222 0.24985215156236087
0.2547420020873222 0.24985215156236087
0.2547420020873222 0.24985215156236087
0.2547420020873222 0.24985215156236087
0.2547420020873222 0.24985215156236087
0.2547420020873222 0.24985215156236087
0.2547420020873222 0.24985215156236087
0.2547420020873222 0.24985215156236087
0.2547420020873222 0.2503819246136292
0.2547420020873222 0.2503819246136292
0.2547420020873222 0.2503819246136292
0.2547420020873222 0.2503819246136292
0.2547420020873222 0.2504078116382976
Final fitness: 0.2547420020873222
[0.2, 0.4049415919022512, 0.2, 0.4, 0.0, 0.1, 0.2, 0.4, 0.2, 0.5, 0.2, 0.1, 0.2, 0.0, 0.5, 0.5, 0.4, 0.2, 0.012749630339847967, 0.5, 0.49669839259282966, 0.0, 0.4, 0.4, 0.0, 0.0, 0.2, 0.1, 0.0, 0.5, 0.1, 0.1, 0.2, 0.3, 0.1, 0.3, 0.4, 0.3, 0.4, 0.0, 0.2, 0.2, 0.0, 0.2, 0.2826461428959298, 0.1, 0.5, 0.1855610330583489, 0.2, 0.2, 0.26229944281567846, 0.3, 0.3, 0.0, 0.3, 0.0, 0.0, 0.1, 0.3, 0.0, 0.5, 0.2, 0.2, 0.490378512614686, 0.20839833907215127, 0.2981228949620887, 0.2, 0.2, 0.48010093426197903, 0.3, 0.0, 0.2, 0.5, 0.2, 0.3, 0.0, 0.5, 0.0, 0.385166951588533, 0.5, 0.3, 0.38244971434298325, 0.3, 0.3, 0.5, 0.0, 0.4, 0.5043122247573221, 0.3, 0.3, 0.0, 0.2, 0.3, 0.3, 0.2, 0.4, 0.3, 0.4, 0.4, 0.2, 0.2, 0.0, 0.4028630379770278, 0.0, 0.1, 0.4, 0.0, 0.5106933071466842, 0.2109543800281779, 0.2, 0.3, 0.0, 0.2, 0.0, 0.0, 0.5, 0.2, 0.1, 0.2, 0.0, 0.4, 0.4, 0.2, 0.1, 0.0, 0.4, 0.0, 0.0, 0.2, 0.4, 0.3, 0.3, 0.07588050403228397, 0.0, 0.2, 0.1, 0.1, 0.2, 0.5, 0.3, 0.4, 0.3, 0.0, 0.1, 0.5, 0.4, 0.1, 0.32504659011349557, 0.5, 0.4, 0.1, 0.0, 0.2, 0.4, 0.1, 0.32941803996687574, 0.1, 0.3, 0.2, 0.1, 0.3, 0.4, 0.5, 0.2, 0.2, 0.0, 0.2, 0.4, 0.4, 0.5, 0.2, 0.5, 0.5, 0.3, 0.4, 0.4, 0.2, 0.5, 0.20812035354851346, 0.4, 0.3, 0.5, 0.2, 0.1, 0.5, 0.2, 0.4, 0.1, 0.5, 0.0, 0.2, 0.4, 0.5, 0.1, 0.09489419279306566, 0.1, 0.3, 0.5006757001641847, 0.4, 0.39895088591995065]
