1 6.0 [4, 6, 8]
2 16.0 [1, 4, 7]
3 17.0 [1, 5, 7]
4 2.0 [8, 9]
5 6.0 [2, 8, 9]
6 13.0 [1, 3]
7 17.0 [5, 7, 10]
8 9.0 [1, 3, 5]
9 10.0 [5, 8]
10 10.0 [4, 5]
(5, 7)
(8, 9)
(1, 2)
(4, 5)
(6, 10)
(8, 10)
(1, 4)
(3, 7)
1 19924.0 [7, 1, 2, 8, 3, 9]
2 20043.0 [1, 2, 6, 5, 7, 9]
3 20038.0 [2, 5, 3, 1, 8, 6]
4 20141.0 [3, 5, 8, 10, 6, 4]
5 19968.0 [5, 3, 8, 10, 7, 9]
6 19933.0 [8, 2, 3, 5, 10, 6]
7 20017.0 [8, 2, 5, 9, 6, 3]
8 6769.0 [2, 7]
9 6735.0 [9, 7]
10 6582.0 [6, 10]
11 6565.0 [2, 10]
12 6625.0 [4, 8]
13 3140.0 [10]
14 3423.0 [3]
15 3261.0 [4]
16 3266.0 [7]
17 3211.0 [7]
18 3484.0 [1]
19 3357.0 [10]
20 3408.0 [8]
0.00964193728743112 0.009440785538203681
0.009654233305679622 0.00960660109228004
0.009654233305679622 0.009608472310952495
0.009654233305679622 0.009615074628128535
0.009654233305679622 0.009618134897455399
0.009654233305679622 0.009618134897455399
0.009654233305679622 0.009619653031121306
0.009654233305679622 0.00962024340610725
0.009667577732950489 0.00962024340610725
0.009667577732950489 0.009621853710553163
0.009667577732950489 0.009623870506422976
0.009667577732950489 0.009623870506422976
0.009667577732950489 0.009623870506422976
0.009667577732950489 0.009623870506422976
0.009667577732950489 0.009623870506422976
0.009667577732950489 0.009623870506422976
0.009667577732950489 0.009623870506422976
0.009667577732950489 0.009623870506422976
0.009667577732950489 0.009624441500924058
0.009667577732950489 0.009624441500924058
0.009667577732950489 0.009624441500924058
0.009667577732950489 0.009627935599730922
0.009667577732950489 0.009627935599730922
0.009667577732950489 0.009628295767062511
0.009667577732950489 0.009628295767062511
0.009667577732950489 0.009628295767062511
0.009667577732950489 0.009628639409494003
0.009667577732950489 0.009628639409494003
0.009667577732950489 0.009629126396571586
0.009667577732950489 0.009629126396571586
0.009667577732950489 0.009629126396571586
0.009667577732950489 0.009629126396571586
0.009667577732950489 0.009629126396571586
0.009667577732950489 0.009629126396571586
0.009667577732950489 0.009632127122391214
0.009667577732950489 0.009633275755823126
0.009667577732950489 0.009633275755823126
0.009667577732950489 0.009633275755823126
0.009667577732950489 0.009634433039434778
0.009667577732950489 0.00963611155065803
0.009667577732950489 0.00963611155065803
0.009667577732950489 0.009637180441585291
0.009667577732950489 0.009637180441585291
0.009667577732950489 0.009637180441585291
0.009667577732950489 0.009637180441585291
0.009667577732950489 0.009637625273886135
0.009667577732950489 0.009637627940386386
0.009667577732950489 0.009637627940386386
0.009667577732950489 0.009639411199824264
0.009667577732950489 0.009639411199824264
0.009667577732950489 0.009640470531632713
0.009667577732950489 0.009640470531632713
0.009667577732950489 0.009640470531632713
0.009667577732950489 0.009640470531632713
0.009667577732950489 0.009641211930838736
0.009667577732950489 0.009641211930838736
0.009667577732950489 0.009641211930838736
0.009667577732950489 0.009641211930838736
0.009667577732950489 0.009641211930838736
0.009667577732950489 0.009641211930838736
0.009667577732950489 0.009641237587918723
0.009667577732950489 0.009641237587918723
0.009667577732950489 0.009641237587918723
0.009667577732950489 0.009641237587918723
0.009667577732950489 0.009641237587918723
0.009667577732950489 0.009641237587918723
0.009667577732950489 0.009642750813801655
0.009667577732950489 0.009642750813801655
0.009667577732950489 0.009642750813801655
0.009667577732950489 0.009642750813801655
0.009667577732950489 0.009642750813801655
0.009667577732950489 0.009642750813801655
0.009667577732950489 0.009642750813801655
0.009667577732950489 0.009642750813801655
0.009667577732950489 0.009642750813801655
0.009667577732950489 0.009642750813801655
0.009667577732950489 0.009642750813801655
0.009667577732950489 0.009642750813801655
0.009667577732950489 0.009642750813801655
0.009667577732950489 0.009642750813801655
0.009667577732950489 0.009642750813801655
0.009667577732950489 0.009642750813801655
0.009667577732950489 0.009642750813801655
0.009667577732950489 0.009642750813801655
0.009667577732950489 0.009642750813801655
0.009667577732950489 0.009642750813801655
0.009667577732950489 0.009642750813801655
0.009667577732950489 0.009642750813801655
0.009667577732950489 0.009642750813801655
0.009667577732950489 0.009642750813801655
0.009667577732950489 0.009642750813801655
0.009667577732950489 0.009642750813801655
0.009667577732950489 0.009642750813801655
0.009667577732950489 0.009642750813801655
0.009667577732950489 0.009642750813801655
0.009667577732950489 0.009643245864054057
0.009667577732950489 0.009643245864054057
0.009667577732950489 0.009643245864054057
0.009667577732950489 0.00964397108337769
0.009667577732950489 0.00964397108337769
Final fitness: 0.009667577732950489
[0.4, 0.1, 0.27507800996528303, 0.06890689933664847, 0.3891144738553181, 0.31655842301490206, 0.3, 0.2, 0.4998149594447498, 0.4, 0.4225698203336063, 0.3905899908449032, 0.20472667417194967, 0.26105702789713536, 0.40711428328048205, 0.4, 0.38302418153148554, 0.1, 0.00045477726541176544, 0.0, 0.5061376053608525, 0.2, 0.5034456433092711, 0.0, 0.1, 0.1, 0.5043726577286313, 0.2, 0.0037181929062061747, 0.5, 0.17034605021224763, 0.0, 0.19395594346249664, 0.10111293248561588, 0.0, 0.028906684292347468, 0.4, 0.1, 0.4, 0.4558803648121479, 0.3, 0.11277397963354746, 0.0, 0.3, 0.1, 0.3, 0.05314645395146371, 0.18361896964017102, 0.5, 0.09467312191494714, 0.3666243331115552, 0.3046364150662948, 0.27687325789454253, 0.19994133876900638, 0.21991436607226497, 0.2, 0.19985812060440739, 0.5, 0.3, 0.5026805949845944, 0.3, 0.1, 0.1, 0.09441320756203082, 0.4139378838465356, 0.42367700207307796, 0.0737717661215748, 0.5, 0.10709580995347392, 0.048424455821464374, 0.1155993751669562, 0.09871338696885694, 0.3, 0.2, 0.19160435364571007, 0.2, 0.26258802186072056, 0.2, 0.3, 0.39955554032413443, 0.5, 0.3, 0.5, 0.4005394112523093, 0.177592329316606, 0.2, 0.5, 0.019096850596810253, 0.0, 0.2672196304609183, 0.2, 0.1910967654680536, 0.0005372348071011647, 0.0212182943848509, 0.2, 0.497662724517675, 0.12663743897801436, 0.10413566186848974, 0.08794036216767406, 0.19809752209934664, 0.5, 0.3818803094846791, 0.20965365613277828, 0.05616955348337692, 0.2, 0.0, 0.1, 0.5, 0.4, 0.30553224669735146, 0.3798095103099058, 0.0220078864435026, 0.2, 0.2, 0.1, 0.3, 0.08783151320011545, 0.2, 0.4, 0.5, 8.957453287583572e-05, 0.1, 0.20226041273996387, 0.09800736388729546, 0.2, 0.0, 0.3, 0.10859043513711061, 0.4, 0.3004492976590048, 0.49293341635175664, 0.38351374200877747, 0.1, 0.3862479279447981, 0.2870951648250537, 0.2, 0.004856402483420147, 0.38267222871411744, 0.20451390937926184, 0.010761929853628324, 0.18865454063471127, 0.004003361297133995, 0.4, 0.10184660674903345, 0.16656863065026534, 0.5, 0.2, 0.2, 0.05402555206199003, 0.5019609428667307, 0.0, 0.1, 0.39521807699718403, 0.27656185676653, 0.5, 0.5145175974457282, 0.0, 0.5041214539638942, 0.01051047102277794, 0.3039817562033391, 0.3671035048776294, 0.3001446974079462, 0.006379576662602851, 0.1, 0.4, 0.07960094852712674, 0.37574712612191885, 0.15550068735542247, 0.4084860858961321, 0.22200747902084542, 0.3, 0.10850369177262677, 0.5180420671026342, 0.3322377565489293, 0.1988799801721482, 0.5192483473942408, 0.1, 0.2, 0.0, 0.20017906377282277, 0.2978759633127155, 0.19059269664151202, 0.40363185377818134, 0.0, 0.3842496517816546, 0.1, 0.3, 0.08861694119243697, 0.013474867300436205, 0.3367655369481106, 0.19504303392202083, 0.19106797619740662, 0.29572570977138096, 0.4, 0.02376632388292249, 0.49990417564054623, 0.5, 0.3, 0.40837578342608666, 0.06779669142941161]
