1 7.0 [1, 4, 6]
2 9.0 [2, 6]
3 14.0 [1, 5]
4 0.0 [2, 4]
5 4.0 [5, 8]
6 7.0 [1, 7]
7 11.0 [1, 5]
8 3.0 [1, 2, 5]
9 10.0 [1, 4, 8]
10 10.0 [2, 5]
11 15.0 [1, 3, 4]
12 6.0 [4, 5]
13 12.0 [2, 7]
14 3.0 [1, 3, 4]
15 16.0 [4, 5, 6]
16 13.0 [1, 6, 8]
17 11.0 [4, 6, 8]
18 15.0 [3, 4]
19 5.0 [1, 7]
20 7.0 [1, 4, 5]
(13, 20)
(5, 7)
(9, 20)
(19, 20)
(8, 12)
(8, 17)
(15, 16)
(3, 4)
(12, 17)
(4, 16)
(4, 13)
(3, 9)
(8, 15)
(10, 13)
(15, 18)
(12, 18)
(17, 19)
(13, 15)
(17, 20)
(6, 16)
(9, 15)
(6, 13)
(4, 5)
(18, 20)
(13, 19)
(17, 18)
(7, 10)
(10, 16)
(13, 16)
(1, 3)
(1, 6)
(18, 19)
(12, 13)
(7, 15)
(16, 20)
(7, 19)
(14, 16)
(9, 11)
(14, 20)
(11, 20)
(6, 7)
(3, 11)
(9, 10)
(4, 8)
1 20083.0 [7, 5, 8, 6, 2, 1]
2 20166.0 [5, 2, 7, 3, 1, 6]
3 19913.0 [3, 1, 4, 6, 8, 2]
4 6812.0 [8, 5]
5 6803.0 [3, 5]
6 6587.0 [3, 8]
7 6545.0 [6, 8]
8 6758.0 [8, 5]
9 6751.0 [8, 5]
10 3424.0 [5]
0.20585455234959849 0.006476060961151564
0.24608514243312918 0.23548830191390688
0.24608514243312918 0.23837878729236517
0.2519290715053718 0.24061593427478825
0.25263881217407036 0.2417871715063315
0.25263881217407036 0.2417871715063315
0.2572499007374908 0.2426535765215326
0.2572499007374908 0.24416075220511047
0.2572499007374908 0.24663898207248394
0.2572499007374908 0.24963639592505063
0.2572499007374908 0.24963639592505063
0.2572499007374908 0.24963639592505063
0.2572499007374908 0.24967207621817616
0.2572499007374908 0.24967207621817616
0.2572499007374908 0.24967207621817616
0.2572499007374908 0.24967207621817616
0.2572499007374908 0.24967207621817616
0.2572499007374908 0.24967207621817616
0.2630740989860799 0.25012044960853586
0.2630740989860799 0.25012044960853586
0.2630740989860799 0.2507852163967735
0.2630740989860799 0.2507852163967735
0.2630740989860799 0.2507852163967735
0.2630740989860799 0.2507852163967735
0.2630740989860799 0.2507852163967735
0.2630740989860799 0.2507852163967735
0.2630740989860799 0.2507852163967735
0.2630740989860799 0.2507852163967735
0.2630740989860799 0.2507852163967735
0.2630740989860799 0.2507852163967735
0.2630740989860799 0.2507852163967735
0.2630740989860799 0.2507852163967735
0.2630740989860799 0.2507852163967735
0.2630740989860799 0.2507852163967735
0.2630740989860799 0.25214551446403954
0.2630740989860799 0.25214551446403954
0.2630740989860799 0.2525136187508689
0.2630740989860799 0.2525136187508689
0.2630740989860799 0.2525136187508689
0.2630740989860799 0.2525136187508689
0.2630740989860799 0.2525136187508689
0.2630740989860799 0.2525136187508689
0.2630740989860799 0.2525136187508689
0.2630740989860799 0.2525136187508689
0.2630740989860799 0.2525136187508689
0.2630740989860799 0.2525136187508689
0.2630740989860799 0.2525136187508689
0.2630740989860799 0.2525136187508689
0.2630740989860799 0.2525136187508689
0.2630740989860799 0.2525136187508689
0.2630740989860799 0.2525136187508689
0.2630740989860799 0.2525136187508689
0.2630740989860799 0.2525136187508689
0.2630740989860799 0.2525136187508689
0.2630740989860799 0.2525136187508689
0.2630740989860799 0.2525136187508689
0.2630740989860799 0.2525136187508689
0.2630740989860799 0.2525136187508689
0.2630740989860799 0.2525136187508689
0.2630740989860799 0.2525136187508689
0.2630740989860799 0.2525136187508689
0.2630740989860799 0.2525136187508689
0.2630740989860799 0.2525136187508689
0.2630740989860799 0.2525136187508689
0.2630740989860799 0.2525136187508689
0.2630740989860799 0.2525136187508689
0.2630740989860799 0.25263881217407036
0.2630740989860799 0.25263881217407036
0.2630740989860799 0.25263881217407036
0.2630740989860799 0.25263881217407036
0.2630740989860799 0.25263881217407036
0.2630740989860799 0.25301383963281104
0.2630740989860799 0.25301383963281104
0.2630740989860799 0.25301383963281104
0.2630740989860799 0.25301383963281104
0.2630740989860799 0.25301383963281104
0.2630740989860799 0.25301383963281104
0.2630740989860799 0.25301383963281104
0.2630740989860799 0.25301383963281104
0.2630740989860799 0.25301383963281104
0.2630740989860799 0.25301383963281104
0.2630740989860799 0.25301383963281104
0.2630740989860799 0.25301383963281104
0.2630740989860799 0.25301383963281104
0.2630740989860799 0.25301383963281104
0.2630740989860799 0.25301383963281104
0.2630740989860799 0.25301383963281104
0.2630740989860799 0.25301383963281104
0.2630740989860799 0.25301383963281104
0.2630740989860799 0.25301383963281104
0.2630740989860799 0.25301383963281104
0.2630740989860799 0.25301383963281104
0.2630740989860799 0.25301383963281104
0.2630740989860799 0.25301383963281104
0.2630740989860799 0.25301383963281104
0.2630740989860799 0.25301383963281104
0.2630740989860799 0.25301383963281104
0.2630740989860799 0.25301383963281104
0.2630740989860799 0.25301383963281104
0.2630740989860799 0.25301383963281104
Final fitness: 0.2630740989860799
[0.3100009254616138, 0.2094016008746399, 0.20000691986040176, 0.00326203867855571, 0.2045120157586005, 0.40293657279483996, 0.14775415550030419, 0.0011644842068732116, 0.2848010408606552, 0.49925674616524185, 0.0020777168852119544, 0.47909536602210484, 0.19992222439756308, 0.2000161748743242, 0.40037487916460957, 0.200403661110879, 0.47852359244008, 0.37473822701889237, 0.27939471912837244, 0.06367327715989407, 0.2078781104868085, 0.20027505567959994, 0.49609373879378227, 0.00021232541568969032, 0.4448256914697143, 0.04483418361307018, 0.5070156765236408, 0.03222535563577268, 0.5552612619143715, 0.3018713446241106, 0.0006087191566447325, 0.4936375115804909, 5.807892561918897e-05, 0.42532771223185795, 0.013979738335844382, 0.19509568682681905, 0.29418379302642766, 0.2558289553025371, 0.39866590745484076, 0.3, 0.2000657632569086, 0.20379126915083334, 0.49152332269127963, 0.03281937955048703, 0.012414038200391803, 0.3996432488026078, 0.2, 0.03320004674141419, 0.21427209251228108, 0.013212259603342408, 0.09117654830451243, 0.22325002094783736, 0.19285992984844347, 0.08669420705237989, 0.1994860497344468, 0.2014737449300526, 0.40284176987587966, 0.10031856914755602, 0.4777006969440677, 0.09720579018669599, 0.3041513535004409, 0.41465451266354614, 0.12932006232331267, 0.12233603840847584, 0.3899213361380257, 0.002136558664360383, 0.2935402876413713, 0.0002940855478416361, 0.013044581241780151, 0.10633559026595742, 0.500059155818265, 0.2036959331209705, 0.1936502011474955, 0.49656538345805235, 0.4979344868435791, 0.3961985371478852, 0.20260942389642156, 0.2148240069709928, 0.29820927838256645, 0.5021474301374644, 0.19764621955071132, 0.19693117062462942, 0.4993448753565474, 0.028136875976856976, 0.07355822258935588, 0.41447374459443853, 0.290344192297048, 0.012307791029245008, 0.40012927558431655, 0.40050358618392073, 0.026348284580215566, 0.29110287411236097, 0.11172529047779056, 0.059382587900984496, 0.006977541890992867, 0.5136609498418339, 0.4439679688956214, 0.22775410195385565, 0.3984057954718613, 0.1, 0.512208114371385, 0.4864836900944193, 0.40292641448511257, 0.2959159722810766, 0.3008976233681352, 0.3965828119649651, 0.49736589398866105, 0.4602513714089625, 0.494968608258458, 0.2876947798647818, 0.40025686768829427, 0.195283391353653, 0.3909116539707238, 0.20190015201005954, 0.18336609453599492, 0.07947945697376112, 0.10357942877855728, 0.40578843843373213, 0.18969769067214404, 0.4934521287587522, 0.30821427779513105, 0.0899173356999777, 0.3030010708818411, 0.3996322816104176, 0.5062679469706293, 0.1051946910345532, 0.5144834723535741, 0.44897153870704753, 0.3004677217657928, 0.3690276810070302, 0.005339565186186279, 0.40608125081675667, 0.19986535628969, 0.03150677607728328, 0.3027033802043943, 0.5007040690044511, 0.20135412832317787, 0.49893721947860686, 0.3624150035969711, 0.4477589736879702, 0.01646523272297408, 0.4005768389252769, 0.11391104188782719, 0.46900995526651545, 0.08790235531367724, 0.17825644417689743, 0.014823356739712164, 0.20106540575881404, 0.21409848495237338, 0.096089839276408, 0.1, 0.2, 0.29639085171595675, 0.5049526709220787, 0.4097992225822612, 0.13563840341120748, 0.5531731886486673, 0.02455415416424267, 0.646565222055941, 0.29594712639737947, 0.003649139622481235, 0.10610734179402345, 0.011732771989372962, 0.515883974131645, 0.4403445761426755, 0.506921852142067, 0.0033790424332685587, 0.3601963120354018, 0.3994213341353453, 0.29096985096503647, 0.22807172470017414, 0.09784865809014257, 0.35198616774101643, 0.5041354878404214, 0.09396657644267911, 0.4000799346533936, 0.10435113054120052, 0.5022166220574935, 0.3975515963549187, 0.4029657427443383, 0.4748313621784461, 0.09557438201102611, 0.2, 0.4578221612998272, 0.11225825374826007, 0.4039008977413401, 0.5191448969867813, 0.20982197288646523, 0.4836898103446006, 0.10211536669257881, 0.029247191275589154, 0.5, 0.11576283372953744, 0.48177369391221225, 0.19869566673296374, 0.3979643331816843, 0.30219884220006493, 0.4994418682579568, 0.5219167405453995, 0.2885739476164002]
