1 6.0 [4, 6, 8]
2 16.0 [1, 4, 7]
3 17.0 [1, 5, 7]
4 2.0 [8, 9]
5 6.0 [2, 8, 9]
6 13.0 [1, 3]
7 17.0 [5, 7, 10]
8 9.0 [1, 3, 5]
9 10.0 [5, 8]
10 10.0 [4, 5]
(5, 7)
(8, 9)
(1, 2)
(4, 5)
(6, 10)
(8, 10)
(1, 4)
(3, 7)
1 19924.0 [7, 1, 2, 8, 3, 9]
2 20043.0 [1, 2, 6, 5, 7, 9]
3 20038.0 [2, 5, 3, 1, 8, 6]
4 20141.0 [3, 5, 8, 10, 6, 4]
5 19968.0 [5, 3, 8, 10, 7, 9]
6 19933.0 [8, 2, 3, 5, 10, 6]
7 20017.0 [8, 2, 5, 9, 6, 3]
8 6769.0 [2, 7]
9 6735.0 [9, 7]
10 6582.0 [6, 10]
11 6565.0 [2, 10]
12 6625.0 [4, 8]
13 3140.0 [10]
14 3423.0 [3]
15 3261.0 [4]
16 3266.0 [7]
17 3211.0 [7]
18 3484.0 [1]
19 3357.0 [10]
20 3408.0 [8]
0.009615650912186932 0.009473498044175884
0.009683698241993458 0.009604836505922955
0.009683698241993458 0.009614008235248656
0.009683698241993458 0.009616315383948384
0.009683698241993458 0.009617780222522814
0.009683698241993458 0.009617780222522814
0.009683698241993458 0.009619221346561794
0.009683698241993458 0.009619588656839765
0.009683698241993458 0.009619588656839765
0.009683698241993458 0.009619588656839765
0.009683698241993458 0.009619588656839765
0.009683698241993458 0.009619588656839765
0.009683698241993458 0.009619920348499619
0.009683698241993458 0.009620724217203128
0.009683698241993458 0.009624071528966159
0.009683698241993458 0.009626149468529974
0.009683698241993458 0.009626149468529974
0.009683698241993458 0.009626643755743595
0.009683698241993458 0.009626643755743595
0.009683698241993458 0.00962966251239443
0.009683698241993458 0.009631918524105575
0.009683698241993458 0.009631918524105575
0.009683698241993458 0.009635008305364047
0.009683698241993458 0.009635008305364047
0.009683698241993458 0.009635008305364047
0.009683698241993458 0.009635008305364047
0.009683698241993458 0.009636692689892186
0.009683698241993458 0.009636692689892186
0.009683698241993458 0.009636692689892186
0.009683698241993458 0.009636692689892186
0.009683698241993458 0.009636692689892186
0.009683698241993458 0.009636692689892186
0.009683698241993458 0.009636692689892186
0.009683698241993458 0.009636692689892186
0.009683698241993458 0.009636692689892186
0.009683698241993458 0.009636692689892186
0.009683698241993458 0.009636692689892186
0.009683698241993458 0.009636692689892186
0.009683698241993458 0.009636692689892186
0.009683698241993458 0.009636692689892186
0.009683698241993458 0.009636692689892186
0.009683698241993458 0.009636692689892186
0.009683698241993458 0.009636692689892186
0.009683698241993458 0.009636692689892186
0.009683698241993458 0.009636692689892186
0.009683698241993458 0.009636692689892186
0.009683698241993458 0.009636692689892186
0.009683698241993458 0.009636692689892186
0.009683698241993458 0.009636692689892186
0.009683698241993458 0.009636692689892186
0.009683698241993458 0.009636692689892186
0.009683698241993458 0.009636692689892186
0.009683698241993458 0.009636692689892186
0.009683698241993458 0.009636692689892186
0.009683698241993458 0.009636692689892186
0.009683698241993458 0.009636692689892186
0.009683698241993458 0.009636692689892186
0.009683698241993458 0.009636692689892186
0.009683698241993458 0.009636692689892186
0.009683698241993458 0.009636692689892186
0.009683698241993458 0.009636692689892186
0.009683698241993458 0.009636692689892186
0.009683698241993458 0.009637943286252344
0.009683698241993458 0.009637943286252344
0.009683698241993458 0.009637943286252344
0.009683698241993458 0.009637943286252344
0.009683698241993458 0.009644792907650841
0.009683698241993458 0.009644792907650841
0.009683698241993458 0.009644792907650841
0.009683698241993458 0.009644792907650841
0.009683698241993458 0.009644792907650841
0.009683698241993458 0.009645345694716015
0.009683698241993458 0.009645345694716015
0.009683698241993458 0.009645345694716015
0.009683698241993458 0.009645345694716015
0.009683698241993458 0.009645345694716015
0.009683698241993458 0.009645345694716015
0.009683698241993458 0.009645345694716015
0.009683698241993458 0.009645345694716015
0.009683698241993458 0.009645345694716015
0.009683698241993458 0.009645345694716015
0.009683698241993458 0.009645345694716015
0.009683698241993458 0.009645345694716015
0.009683698241993458 0.009645345694716015
0.009683698241993458 0.009645345694716015
0.009683698241993458 0.009645345694716015
0.009683698241993458 0.009645345694716015
0.009683698241993458 0.009645345694716015
0.009683698241993458 0.009645345694716015
0.009683698241993458 0.009645345694716015
0.009683698241993458 0.009645345694716015
0.009683698241993458 0.009645345694716015
0.009683698241993458 0.009645345694716015
0.009683698241993458 0.009645345694716015
0.009683698241993458 0.009645345694716015
0.009683698241993458 0.009645345694716015
0.009683698241993458 0.009645345694716015
0.009683698241993458 0.009645345694716015
0.009683698241993458 0.009645345694716015
0.009683698241993458 0.009645345694716015
Final fitness: 0.009683698241993458
[0.3004601518649932, 0.5609401959572237, 0.0900217894811034, 0.0944562224090276, 0.3805405239232026, 0.10192896337255933, 0.4755375395730429, 0.5074027507120038, 0.4001332986945393, 0.3, 0.5, 0.522722346850092, 0.32099260951605413, 0.2, 0.0, 0.0938798751160676, 0.3, 0.03686997339867687, 0.5422105908254686, 0.29053758230226145, 0.2928005157227027, 0.18708193001465362, 0.48888475494541095, 0.10197319546641545, 0.11316633383674538, 0.46596755203790285, 0.2745827657564033, 0.40142178751617463, 0.5, 0.1981818656429498, 0.19812429154370886, 0.3867986277175918, 5.6075807895472575e-05, 0.5, 0.09349840480539166, 0.2972103099027624, 0.10035298251949583, 0.3, 0.5, 0.5231529370667016, 0.12482175023320888, 0.5275685810745394, 0.10679597204663882, 0.40351147189039005, 0.028688686643700924, 0.1, 0.0, 0.40960472185788394, 0.39092669622560405, 0.19016519036784946, 0.12106226938037075, 0.49387048063403566, 0.4014903979413988, 0.0015794699173347082, 0.5, 0.4, 0.4002309605812645, 0.09653425396565919, 0.5348505276554316, 0.4887983197890897, 0.1973525326083671, 0.1, 0.3987405160481414, 0.19519834711106987, 0.4372975044650945, 0.0, 0.2, 0.11023591141039615, 0.4, 0.09520953662025407, 0.4985092231591349, 0.007563829444870662, 0.4, 0.32193105613363604, 0.3037085363476774, 0.3, 0.015557099912212768, 0.3, 0.0050044057437360345, 0.49877603283018584, 0.501446395789454, 0.0, 0.2776351783272877, 0.04389996312144742, 0.4, 0.39833482080149835, 0.39990894524384807, 0.3787753197322906, 0.009683110962311892, 0.1, 0.4962135797735639, 0.20008052354198458, 0.003605714584939357, 0.3, 0.3, 0.03261761174354269, 0.003262322115127364, 0.38535680099963876, 0.42247214514070175, 0.4, 0.478124065051552, 0.3837947903419894, 0.00494567671690932, 0.19802121653946292, 0.3929936699900872, 0.5067026232973364, 0.0, 0.10320976846767078, 0.4035637170738846, 0.0, 0.09409127352281835, 0.38325113537962807, 0.2995362376053533, 0.4, 0.35048271146814947, 0.09486265831812193, 0.06753174904845322, 0.018548657016202875, 0.1948414035989297, 0.5078084955872498, 0.08632010632729561, 0.30710425814427283, 0.01090687975508145, 0.1012235547339948, 0.3798393636842492, 0.297348605352643, 0.008158100902987228, 0.41137631846347533, 0.47485629991135786, 0.0272905048300564, 0.4936148466193431, 0.0, 0.4, 0.4008507835487215, 0.09495830271697955, 0.0019128232529512998, 0.21006594835351064, 0.0, 0.3, 0.0003762002656958613, 0.5207057429031414, 0.0, 0.20013376439171215, 0.39997784567824596, 0.10106350317801097, 0.20525823713857355, 0.40491157350962187, 0.10005310784333038, 0.020103123909567477, 0.31328782408530487, 0.39733064872097035, 0.0806010336522337, 0.07742389238713493, 0.2, 0.0, 0.3207341705586909, 0.4524828173778155, 0.17193998648177083, 0.2937863604346471, 0.01795944187978546, 0.45206855726379747, 0.2778999052748825, 0.30490520506018914, 0.3039074228206986, 0.31830609353672645, 0.1, 0.5, 0.2, 0.1796676206310518, 0.018151883857986065, 0.08768334752028062, 0.08401959259462645, 0.001066400838009074, 0.40093190478449253, 0.015536813935537103, 0.4498978474942941, 0.4, 0.08796259464734632, 0.3, 0.1, 0.09669266998417664, 0.4322884550523752, 0.20357803591885013, 0.30737092249097464, 0.2990501108970262, 0.19349441040421203, 0.0013472673604965069, 0.4896735325153051, 0.19057269473502725, 0.2990903803890993, 0.5222671854298391, 0.09330186021798637, 0.49904932325948076, 0.5568571759181555, 0.3, 0.212780366699088, 0.018724113821335403, 0.3011400350194388, 0.08266219740072536, 0.30650866723993314]
