1 6.0 [4, 6, 8]
2 16.0 [1, 4, 7]
3 17.0 [1, 5, 7]
4 2.0 [8, 9]
5 6.0 [2, 8, 9]
6 13.0 [1, 3]
7 17.0 [5, 7, 10]
8 9.0 [1, 3, 5]
9 10.0 [5, 8]
10 10.0 [4, 5]
(5, 7)
(8, 9)
(1, 2)
(4, 5)
(6, 10)
(8, 10)
(1, 4)
(3, 7)
1 19924.0 [7, 1, 2, 8, 3, 9]
2 20043.0 [1, 2, 6, 5, 7, 9]
3 20038.0 [2, 5, 3, 1, 8, 6]
4 20141.0 [3, 5, 8, 10, 6, 4]
5 19968.0 [5, 3, 8, 10, 7, 9]
6 19933.0 [8, 2, 3, 5, 10, 6]
7 20017.0 [8, 2, 5, 9, 6, 3]
8 6769.0 [2, 7]
9 6735.0 [9, 7]
10 6582.0 [6, 10]
11 6565.0 [2, 10]
12 6625.0 [4, 8]
13 3140.0 [10]
14 3423.0 [3]
15 3261.0 [4]
16 3266.0 [7]
17 3211.0 [7]
18 3484.0 [1]
19 3357.0 [10]
20 3408.0 [8]
0.00966216110830224 0.008705926101730776
0.00966216110830224 0.009597257510593354
0.00966216110830224 0.009603205014048296
0.00966216110830224 0.009603205014048296
0.00966216110830224 0.009606218029313428
0.00966216110830224 0.009610718819192997
0.00966216110830224 0.009611513784222314
0.00966216110830224 0.009611513784222314
0.00966216110830224 0.009612084638791603
0.00966216110830224 0.009614413009999304
0.00966216110830224 0.009614413009999304
0.00966216110830224 0.009616649743904247
0.00966216110830224 0.009617354535735454
0.00966216110830224 0.009617354535735454
0.00966216110830224 0.009617354535735454
0.00966216110830224 0.009617354535735454
0.00966216110830224 0.009617931846474722
0.00966216110830224 0.009619429943378019
0.00966216110830224 0.009619429943378019
0.00966216110830224 0.00962182165970356
0.00966216110830224 0.009622810839610316
0.00966216110830224 0.009623143340824565
0.00966216110830224 0.009623143340824565
0.00966216110830224 0.009624293252838414
0.00966216110830224 0.00962448302165482
0.00966216110830224 0.00962448302165482
0.00966216110830224 0.00962448302165482
0.00966216110830224 0.00962448302165482
0.00966216110830224 0.009627198096413684
0.00966216110830224 0.009629501127175678
0.00966216110830224 0.009629501127175678
0.00966216110830224 0.009629501127175678
0.00966216110830224 0.009629501127175678
0.00966216110830224 0.009630009311117653
0.00966216110830224 0.009630009311117653
0.00966216110830224 0.009631507570433248
0.00966216110830224 0.009631776132866207
0.00966216110830224 0.009631776132866207
0.00966216110830224 0.009631776132866207
0.00966216110830224 0.009631776132866207
0.00966216110830224 0.00963223053651394
0.00966216110830224 0.00963223053651394
0.00966216110830224 0.00963223053651394
0.00966216110830224 0.00963223053651394
0.00966216110830224 0.00963223053651394
0.00966216110830224 0.009632739605705706
0.00966216110830224 0.009632739605705706
0.00966216110830224 0.00963320609487649
0.00966216110830224 0.00963320609487649
0.00966216110830224 0.00963320609487649
0.00966216110830224 0.00963320609487649
0.00966216110830224 0.00963320609487649
0.00966216110830224 0.00963320609487649
0.00966216110830224 0.00963320609487649
0.00966216110830224 0.00963320609487649
0.00966216110830224 0.009633418329214717
0.00966216110830224 0.00963356751081591
0.00966216110830224 0.00963356751081591
0.00966216110830224 0.00963356751081591
0.00966216110830224 0.00963356751081591
0.00966216110830224 0.00963356751081591
0.00966216110830224 0.009634958932367637
0.00966216110830224 0.009634958932367637
0.00966216110830224 0.009634958932367637
0.00966216110830224 0.009634958932367637
0.00966216110830224 0.009634958932367637
0.00966216110830224 0.009634958932367637
0.00966216110830224 0.009634958932367637
0.00966216110830224 0.009634958932367637
0.00966216110830224 0.009634958932367637
0.00966216110830224 0.009634958932367637
0.00966216110830224 0.009634958932367637
0.00966216110830224 0.009634958932367637
0.00966216110830224 0.009634958932367637
0.00966216110830224 0.009634958932367637
0.00966216110830224 0.009634958932367637
0.00966216110830224 0.009635707259699625
0.00966216110830224 0.009635707259699625
0.00966216110830224 0.009635707259699625
0.00966216110830224 0.009635707259699625
0.00966216110830224 0.009635707259699625
0.00966216110830224 0.009635707259699625
0.00966216110830224 0.009635707259699625
0.00966216110830224 0.009635707259699625
0.00966216110830224 0.009635707259699625
0.00966216110830224 0.009635707259699625
0.00966216110830224 0.009635707259699625
0.00966216110830224 0.009635707259699625
0.00966216110830224 0.009635707259699625
0.00966216110830224 0.009635707259699625
0.00966216110830224 0.009635707259699625
0.00966216110830224 0.009635707259699625
0.00966216110830224 0.009635707259699625
0.00966216110830224 0.009635707259699625
0.00966216110830224 0.009635707259699625
0.00966216110830224 0.009635707259699625
0.00966216110830224 0.009635707259699625
0.00966216110830224 0.009635707259699625
0.00966216110830224 0.009635707259699625
0.00966216110830224 0.009635707259699625
Final fitness: 0.00966216110830224
[0.03948819399433626, 0.30426876252154833, 0.43295350775203023, 0.2998720717180171, 0.4, 0.3970563771736526, 0.19655993119016096, 0.4364141354729454, 0.14500083903286703, 0.0025845039976043413, 0.1, 0.0983086212507675, 0.3029236975067286, 0.2768450443493762, 0.3074451555973577, 0.41909449140932975, 0.09122104339549475, 0.4812239526729495, 0.188725546038053, 0.495058940186078, 0.19444888150935674, 0.2952926787212672, 0.20338909010636713, 0.392982350633405, 0.0007060296800054933, 0.359860517930871, 0.19688429671107455, 0.30436266138174034, 0.4097260640193038, 0.21305492407548418, 0.3, 0.3517785019119371, 0.18771583773823552, 0.010186787717296003, 0.5025668597184922, 0.4350864127582645, 0.298616621205523, 0.32191347869588005, 0.2910141830021148, 0.41791424784921233, 0.20163364640544762, 0.4005514216059426, 0.4945990975391459, 0.0043881086181412066, 0.09935366575891541, 0.09905993679923442, 0.5530609737129353, 0.4218727378941832, 0.494920069449127, 0.3872535571761593, 0.15776466806351847, 0.011106758738179845, 0.022237039741705586, 0.28045408026460655, 0.3104120784590107, 0.10868197716587144, 0.3958606507807979, 0.40317163057308536, 0.18393716872301857, 0.09793246454453092, 0.2694821080117994, 0.4317724798384053, 0.11121170155249435, 0.10420052404221743, 0.30338897194057296, 0.4089576711645976, 0.20679846153127385, 0.0025205758091597086, 0.2044381732690463, 0.47929996093512495, 0.22199606833227536, 0.0, 0.003062577496542443, 0.09465643466190327, 0.27090276502334, 0.024656358371199866, 0.02591491680748259, 0.526393243783486, 0.2576861036516523, 0.3971617034286309, 0.3282994602611306, 0.4462982938649244, 0.29622443362406936, 0.31367357187449896, 0.4177721169790502, 0.41790604912871454, 0.08201706073086312, 0.3692387737774776, 0.4053350019500924, 0.028844158587398673, 0.5392977438954303, 0.30909771758154003, 0.1957429227106086, 0.401892533654687, 0.10329700720250895, 0.5232874662853774, 0.20026981662864998, 0.005815476904782568, 0.0353889843082866, 0.20883161781962753, 0.21335142112248343, 0.19761560318878216, 0.4055665393623902, 0.48883536213097095, 0.48010018177666836, 0.10588196269582803, 0.009455138903131877, 0.006888777029814712, 0.179071160764071, 0.05220617448984627, 0.08967783987659608, 0.10458048479845306, 0.0013759775722329143, 0.3102288317203771, 0.48372186385449717, 0.18341180059403245, 0.29995397918123257, 0.02091650658963065, 0.5024896561743124, 0.6438221267825067, 0.3919595865859431, 0.07023645854190061, 0.39326028311244327, 0.2, 0.39535340940967323, 0.07850565777222031, 0.2, 0.13720582585972335, 0.02467846023738751, 0.3010444156880705, 0.20101106235647437, 0.2976870808590489, 0.00038530925875042855, 0.21564995076316415, 0.039466668155631796, 0.21633156016314023, 0.49519588896522215, 0.01387080607230301, 0.01701814027617235, 0.1995244921409816, 0.40574052806619876, 0.29093814871038604, 0.0913479003421796, 0.19427199154125124, 0.09697691946074652, 0.38453737195215826, 0.42000643263564813, 0.014550786669420515, 0.03181749105128309, 0.45194095529337486, 0.08538076572875715, 0.01173274248251828, 0.5007752757685209, 0.07717236630605026, 0.1, 0.02391753484198661, 0.006166122401217, 0.40073631325833625, 0.47287168386948575, 0.0942694350386802, 0.5235201697066313, 0.18555811282207135, 0.40768509117314233, 0.19308671746944311, 0.2872960619967806, 0.18843215373438946, 0.5, 0.2994849209312334, 0.39622191175791677, 0.1055361528132099, 0.0931293608373415, 0.286648420053935, 0.1419123547695994, 0.37322773806137277, 0.5271839352212848, 0.017975625079134278, 0.4144257500992543, 0.11314419118750527, 0.4, 0.1194014047463243, 0.10532387069369203, 0.49111592747021676, 0.10557921927130323, 0.40696145796410577, 0.39126895501646225, 0.006038474139260203, 0.21063744455445066, 0.16495251917820333, 0.004146802250459412, 0.5098893028796492, 0.29053733534105214, 0.5027843585552101, 0.31736380570464473, 0.2994746501905402, 0.01134500676313499, 0.10007482584296509, 0.4173255939936293, 0.19422737192572545, 0.1015742356604904, 0.4]
