1 7.0 [1, 4, 6]
2 9.0 [2, 6]
3 14.0 [1, 5]
4 0.0 [2, 4]
5 4.0 [5, 8]
6 7.0 [1, 7]
7 11.0 [1, 5]
8 3.0 [1, 2, 5]
9 10.0 [1, 4, 8]
10 10.0 [2, 5]
11 15.0 [1, 3, 4]
12 6.0 [4, 5]
13 12.0 [2, 7]
14 3.0 [1, 3, 4]
15 16.0 [4, 5, 6]
16 13.0 [1, 6, 8]
17 11.0 [4, 6, 8]
18 15.0 [3, 4]
19 5.0 [1, 7]
20 7.0 [1, 4, 5]
(13, 20)
(5, 7)
(9, 20)
(19, 20)
(8, 12)
(8, 17)
(15, 16)
(3, 4)
(12, 17)
(4, 16)
(4, 13)
(3, 9)
(8, 15)
(10, 13)
(15, 18)
(12, 18)
(17, 19)
(13, 15)
(17, 20)
(6, 16)
(9, 15)
(6, 13)
(4, 5)
(18, 20)
(13, 19)
(17, 18)
(7, 10)
(10, 16)
(13, 16)
(1, 3)
(1, 6)
(18, 19)
(12, 13)
(7, 15)
(16, 20)
(7, 19)
(14, 16)
(9, 11)
(14, 20)
(11, 20)
(6, 7)
(3, 11)
(9, 10)
(4, 8)
1 9949.0 [7, 5, 8]
2 9882.0 [5, 8, 2]
3 10029.0 [2, 7, 5]
4 10072.0 [3, 1, 6]
5 10250.0 [3, 1, 4]
6 9818.0 [6, 8, 2]
7 9928.0 [8, 3, 6]
8 9976.0 [3, 8, 5]
9 10053.0 [8, 5, 6]
10 10072.0 [5, 8, 1]
0.2391990563702196 0.006473313487661453
0.2485908977174347 0.23598118923344724
0.2485908977174347 0.2389987987365575
0.2485908977174347 0.2389987987365575
0.2485908977174347 0.2399648973558446
0.2485908977174347 0.2399648973558446
0.2485908977174347 0.24002591135828477
0.24914716994694028 0.24345819120453616
0.24914716994694028 0.24345819120453616
0.24914716994694028 0.24345819120453616
0.24914716994694028 0.24345819120453616
0.24914716994694028 0.24345819120453616
0.24914716994694028 0.24345819120453616
0.24914716994694028 0.24345819120453616
0.25157585336399446 0.2449526539976607
0.25157585336399446 0.2449526539976607
0.25157585336399446 0.2449526539976607
0.25157585336399446 0.2449526539976607
0.25157585336399446 0.2449526539976607
0.25157585336399446 0.2449526539976607
0.25157585336399446 0.2449526539976607
0.25157585336399446 0.2449526539976607
0.25157585336399446 0.2449526539976607
0.25157585336399446 0.2449526539976607
0.25157585336399446 0.2449526539976607
0.25157585336399446 0.2449526539976607
0.25157585336399446 0.2449526539976607
0.25157585336399446 0.2449526539976607
0.25157585336399446 0.2449526539976607
0.25157585336399446 0.2449526539976607
0.25157585336399446 0.2449526539976607
0.25157585336399446 0.2449526539976607
0.25157585336399446 0.2449526539976607
0.25157585336399446 0.2449526539976607
0.25157585336399446 0.2449526539976607
0.25157585336399446 0.2449526539976607
0.25157585336399446 0.2449526539976607
0.25157585336399446 0.2449526539976607
0.25157585336399446 0.2449526539976607
0.25157585336399446 0.2449526539976607
0.25157585336399446 0.2449526539976607
0.25157585336399446 0.2465412130244507
0.25157585336399446 0.2465412130244507
0.25157585336399446 0.2465412130244507
0.25157585336399446 0.2465412130244507
0.25157585336399446 0.2465412130244507
0.25157585336399446 0.2465412130244507
0.25157585336399446 0.2465412130244507
0.25157585336399446 0.2465412130244507
0.25157585336399446 0.2465412130244507
0.25157585336399446 0.2465412130244507
0.25157585336399446 0.2465412130244507
0.25157585336399446 0.2465412130244507
0.25157585336399446 0.2465412130244507
0.25157585336399446 0.2465412130244507
0.25157585336399446 0.2465412130244507
0.25157585336399446 0.2465412130244507
0.25157585336399446 0.2465412130244507
0.25157585336399446 0.2465412130244507
0.25157585336399446 0.2465412130244507
0.25157585336399446 0.2465412130244507
0.25157585336399446 0.2465412130244507
0.25157585336399446 0.2465412130244507
0.25157585336399446 0.2465412130244507
0.25157585336399446 0.2465412130244507
0.25157585336399446 0.2465412130244507
0.25157585336399446 0.2465412130244507
0.25157585336399446 0.2465412130244507
0.25157585336399446 0.2465412130244507
0.25157585336399446 0.2465412130244507
0.25157585336399446 0.2465412130244507
0.25157585336399446 0.2465412130244507
0.25157585336399446 0.2465412130244507
0.25157585336399446 0.2465412130244507
0.25157585336399446 0.2465412130244507
0.25157585336399446 0.2465412130244507
0.25157585336399446 0.2465412130244507
0.25157585336399446 0.2465412130244507
0.25157585336399446 0.2465412130244507
0.25157585336399446 0.2465412130244507
0.25157585336399446 0.2465412130244507
0.25157585336399446 0.2465412130244507
0.25157585336399446 0.2465412130244507
0.25157585336399446 0.2465412130244507
0.25157585336399446 0.2465412130244507
0.25157585336399446 0.2465412130244507
0.25157585336399446 0.2465412130244507
0.25157585336399446 0.2474106448480285
0.25157585336399446 0.2474106448480285
0.25157585336399446 0.2474106448480285
0.25157585336399446 0.2474106448480285
0.25157585336399446 0.2474106448480285
0.25157585336399446 0.2474106448480285
0.25157585336399446 0.2474106448480285
0.25157585336399446 0.2474106448480285
0.25157585336399446 0.2474106448480285
0.25157585336399446 0.2474106448480285
0.25157585336399446 0.2474106448480285
0.25157585336399446 0.2474106448480285
0.25157585336399446 0.2474106448480285
Final fitness: 0.25157585336399446
[0.5, 0.3, 0.0, 0.4, 0.0, 0.5, 0.2, 0.5, 0.1, 0.3, 0.2, 0.1, 0.0, 0.0, 0.0, 0.2, 0.0, 0.5, 0.2, 0.4, 0.1, 0.1, 0.4, 0.0, 0.1, 0.2, 0.4, 0.0, 0.4, 0.5, 0.3, 0.5, 0.4, 0.2, 0.0, 0.2, 0.4, 0.1, 0.1, 0.2, 0.0, 0.3, 0.1, 0.4, 0.0, 0.4, 0.2, 0.3, 0.0, 0.2, 0.0, 0.4, 0.4, 0.3, 0.2, 0.2, 0.4, 0.4, 0.1, 0.1, 0.2, 0.4, 0.2, 0.1, 0.3, 0.1, 0.0, 0.4, 0.3, 0.5, 0.3, 0.2, 0.4, 0.0, 0.0, 0.5, 0.2, 0.1, 0.5, 0.5, 0.4, 0.5, 0.4, 0.1, 0.5, 0.2, 0.5, 0.5, 0.2, 0.2, 0.1, 0.0, 0.2, 0.1, 0.5, 0.4, 0.1, 0.2, 0.0, 0.0, 0.2, 0.3, 0.3, 0.3, 0.2, 0.5, 0.1, 0.0, 0.0, 0.2, 0.1, 0.3, 0.1, 0.3, 0.1, 0.4, 0.5, 0.4, 0.3, 0.2, 0.5, 0.4, 0.4, 0.1, 0.4, 0.5, 0.5, 0.5, 0.1, 0.5, 0.5, 0.2, 0.5, 0.0, 0.1, 0.1, 0.4, 0.4, 0.0, 0.2, 0.4, 0.2, 0.1, 0.1, 0.4, 0.5, 0.2, 0.0, 0.4, 0.3, 0.4, 0.1, 0.3, 0.0, 0.1, 0.0, 0.5, 0.4, 0.1, 0.3, 0.2, 0.2, 0.4, 0.3, 0.5, 0.2, 0.2, 0.2, 0.4, 0.2, 0.1, 0.0, 0.0, 0.3, 0.3, 0.0, 0.4, 0.5, 0.2, 0.5, 0.3, 0.4, 0.5, 0.5, 0.3, 0.1, 0.0, 0.5, 0.5, 0.2, 0.4, 0.4, 0.5, 0.5, 0.2, 0.3, 0.4, 0.4, 0.4, 0.1]
