1 6.0 [4, 6, 8]
2 16.0 [1, 4, 7]
3 17.0 [1, 5, 7]
4 2.0 [8, 9]
5 6.0 [2, 8, 9]
6 13.0 [1, 3]
7 17.0 [5, 7, 10]
8 9.0 [1, 3, 5]
9 10.0 [5, 8]
10 10.0 [4, 5]
(5, 7)
(8, 9)
(1, 2)
(4, 5)
(6, 10)
(8, 10)
(1, 4)
(3, 7)
1 10067.0 [7, 1, 2]
2 10052.0 [1, 2, 8]
3 9901.0 [2, 3, 9]
4 9851.0 [6, 5, 7]
5 9994.0 [5, 9, 3]
6 10057.0 [3, 5, 1]
7 10043.0 [5, 3, 8]
8 10031.0 [8, 6, 10]
9 10003.0 [8, 6, 4]
10 9763.0 [8, 10, 7]
11 10190.0 [9, 2, 3]
12 9873.0 [8, 2, 5]
13 9955.0 [10, 6, 2]
14 10033.0 [5, 9, 6]
15 9984.0 [9, 6, 3]
16 9933.0 [2, 4, 10]
17 10078.0 [3, 4, 7]
18 9885.0 [7, 1, 10]
19 9863.0 [8, 7, 10]
20 9955.0 [7, 10, 8]
0.009631856771311982 0.009472165237671347
0.009631856771311982 0.009595804573363523
0.009631856771311982 0.009601437239970066
0.009631856771311982 0.009603432823808732
0.009631856771311982 0.009603584444984945
0.009631856771311982 0.009606333113000331
0.009631856771311982 0.009608779318102965
0.009636105660014677 0.009609117904569362
0.009636105660014677 0.009609815280663426
0.009636105660014677 0.009613918614530906
0.009636105660014677 0.009613965249318977
0.009636105660014677 0.009613965249318977
0.009636105660014677 0.00961504509891916
0.009636105660014677 0.00961504509891916
0.009636105660014677 0.00961504509891916
0.009636105660014677 0.00961504509891916
0.009636105660014677 0.00961504509891916
0.009636105660014677 0.00961504509891916
0.009636105660014677 0.009615743157982167
0.009636105660014677 0.00961750811488167
0.009636105660014677 0.00961750811488167
0.009636105660014677 0.00961750811488167
0.009636105660014677 0.00961750811488167
0.009636105660014677 0.009618242303107634
0.009636105660014677 0.009618242303107634
0.009636105660014677 0.009618242303107634
0.009653679359600242 0.009619732653420907
0.009653679359600242 0.009620348515265378
0.009653679359600242 0.009620348515265378
0.009653679359600242 0.009621356590751712
0.009653679359600242 0.009621356590751712
0.009653679359600242 0.009621356590751712
0.009653679359600242 0.009621356590751712
0.009653679359600242 0.009621356590751712
0.009653679359600242 0.009621407946262286
0.009653679359600242 0.009621407946262286
0.009653679359600242 0.009621408697367781
0.009653679359600242 0.009621408697367781
0.009653679359600242 0.009623654005509134
0.009653679359600242 0.009623768816955874
0.009653679359600242 0.009625041992591189
0.009653679359600242 0.009625450746824788
0.009653679359600242 0.009625450746824788
0.009653679359600242 0.009625450746824788
0.009653679359600242 0.009625450746824788
0.009653679359600242 0.009625450746824788
0.009653679359600242 0.009626279650338071
0.009653679359600242 0.009626279650338071
0.009653679359600242 0.009626279650338071
0.009653679359600242 0.009626279650338071
0.009653679359600242 0.009626279650338071
0.009653679359600242 0.009626279650338071
0.009653679359600242 0.009627799138461486
0.009653679359600242 0.009627799138461486
0.009653679359600242 0.009628525479917632
0.009653679359600242 0.009630229773766758
0.009653679359600242 0.009630229773766758
0.009653679359600242 0.009630965723302205
0.009653679359600242 0.009630965723302205
0.009653679359600242 0.009631352193492666
0.009653679359600242 0.009631352193492666
0.009653679359600242 0.009631352193492666
0.009653679359600242 0.009631352193492666
0.009653679359600242 0.009631563531809894
0.009653679359600242 0.009631563531809894
0.009653679359600242 0.009631563531809894
0.009653679359600242 0.009631563531809894
0.009653679359600242 0.009631563531809894
0.009653679359600242 0.009631563531809894
0.009653679359600242 0.009631563531809894
0.009653679359600242 0.009631563531809894
0.009653679359600242 0.009631563531809894
0.009653679359600242 0.009631563531809894
0.009653679359600242 0.00963205848634106
0.009653679359600242 0.00963205848634106
0.009653679359600242 0.00963205848634106
0.009653679359600242 0.00963205848634106
0.009653679359600242 0.009632919386180949
0.009653679359600242 0.009632919386180949
0.009653679359600242 0.009632919386180949
0.009653679359600242 0.009632919386180949
0.009653679359600242 0.009632919386180949
0.009653679359600242 0.009632919386180949
0.009653679359600242 0.009633636079495305
0.009653679359600242 0.009635354960631162
0.009653679359600242 0.009635810469403382
0.009653679359600242 0.009635810469403382
0.009653679359600242 0.009635810469403382
0.009653679359600242 0.009635810469403382
0.009653679359600242 0.009635810469403382
0.009653679359600242 0.009635810469403382
0.009653679359600242 0.009635810469403382
0.009653679359600242 0.009635810469403382
0.009653679359600242 0.009635810469403382
0.009653679359600242 0.009636009522435453
0.009653679359600242 0.009636105660014677
0.009653679359600242 0.009636105660014677
0.009653679359600242 0.009636105660014677
0.009653679359600242 0.009636105660014677
0.009653679359600242 0.009636105660014677
Final fitness: 0.009653679359600242
[0.5028685050847026, 0.3, 0.5044706633617442, 0.324970555297139, 0.5362773787933173, 0.39824119322266205, 0.4, 0.2098755011530476, 0.2, 0.4306328246476878, 0.09900655180324391, 0.5069518682913721, 0.5062142360908122, 0.3, 0.0, 0.48457945988600326, 0.22890417151464804, 0.3, 0.3779878014507793, 0.013721722432921468, 0.5, 0.19872969217157213, 0.0, 0.1472434974713976, 0.49669115228338184, 0.4927131544464978, 0.004898484528721603, 0.5010942682314601, 0.3955124569921743, 0.29863019356579357, 0.6105999692433551, 0.20000043596595243, 0.2913966017475668, 0.29054545612764177, 0.3866783194782965, 0.3002219966364178, 0.49578558441191295, 0.416057638036729, 0.4, 0.3958523463380331, 0.0002936707156812931, 0.0987731977434084, 0.3992524212458276, 0.03966284943482992, 0.42110058658944804, 0.19082219413480145, 0.5241677570384402, 0.19862272012107612, 0.4720530684496292, 0.3, 0.36822668479663084, 0.006741104299810591, 0.20925684501520506, 0.2999640032270029, 0.39868080546625445, 0.3026394299694903, 0.17621182036258268, 0.30407234017840734, 0.5091208640657916, 0.008658518387579583, 0.3953757736187496, 0.290164981297241, 0.4, 0.26969015807401653, 0.14880447783722905, 0.2913664736061932, 0.19265690196898996, 0.02582465655947211, 0.5489965751518068, 0.06382129530375469, 0.40039937669636133, 0.4000417618697392, 0.027968794875680048, 0.1796668296550808, 0.19921416751163942, 0.0418173305550681, 0.00532518544883509, 0.39770345705454707, 0.2040722895220086, 0.33419640912843834, 0.14338827587344394, 0.49130304625674676, 0.20890254747437204, 0.2973002707985594, 0.4980853003283112, 0.09263183323567314, 0.35151548191570525, 0.004102721261414841, 0.2, 0.10833163815078173, 0.0, 0.019112421414214265, 0.3223415329632539, 0.3183218434385614, 0.45040057138024897, 0.5112700723301877, 0.09177037184630928, 0.4821886376967511, 0.4955724420495773, 0.28905139059846646, 0.0, 0.4, 0.24567950725266896, 0.036821225027600935, 0.3686906427022777, 0.06895445638762125, 0.4, 0.4943195436377716, 0.5079646846818334, 0.08176459883478215, 0.003377207478330299, 0.33741576368613824, 0.0, 0.11657862741717914, 0.41040784741209735, 0.2860055447708111, 0.14142669425797672, 0.4, 0.0007395501334294119, 0.5414570770996675, 0.431161733706804, 0.502216020651845, 0.29948319173272525, 0.20276447615695609, 0.3984257749721764, 0.2031573209142313, 0.08812274941692047, 0.0255806230003022, 0.04644728863891871, 0.008790046507570452, 0.4819915278687607, 0.012571615190554122, 0.0, 0.3999796963503186, 0.48449815446291766, 0.04450451649123416, 0.395804645685612, 0.3732673978409238, 0.18935668041016937, 0.3437361548667267, 0.2, 0.5033756509729126, 0.46128774397074723, 0.5087836309138791, 0.005782747117220835, 0.03681192017104806, 0.49585209480301096, 0.0, 0.30922723894038207, 0.308933785280941, 0.3330607783281488, 0.4105077648341986, 0.13743553975727912, 0.08298933455551213, 0.4929977010434439, 0.09174988717429881, 0.30752865809569346, 0.09999572133280524, 0.30740768184571654, 0.2826157338508079, 0.485442438602105, 0.2, 0.4948414827662252, 0.039914032688527584, 0.40109130477360855, 0.5079824154939805, 0.19874595567848102, 0.299025990832647, 0.33173093785201085, 0.19059623103134998, 0.13463713645980074, 0.019375231513985375, 0.4932792309075369, 0.19407660536163363, 0.3044040700263664, 0.4506124616133925, 0.3, 0.1999131755479547, 0.4999779651805247, 0.005993541042098781, 0.11980993774716783, 0.18771248220404935, 0.5572155378762655, 0.4015282282777699, 0.1957385856056643, 0.1, 0.13370081169470496, 0.3866541066301866, 0.2196423807763533, 0.1986292200559859, 0.21524441861569146, 0.29354961119636036, 0.4850799189051079, 0.2601765518072989, 0.20361189353666298, 0.20396415805201215, 0.4, 0.005894158371939573, 0.2744973081407779, 0.01810796520965273]
