1 6.0 [4, 6, 8]
2 16.0 [1, 4, 7]
3 17.0 [1, 5, 7]
4 2.0 [8, 9]
5 6.0 [2, 8, 9]
6 13.0 [1, 3]
7 17.0 [5, 7, 10]
8 9.0 [1, 3, 5]
9 10.0 [5, 8]
10 10.0 [4, 5]
(5, 7)
(8, 9)
(1, 2)
(4, 5)
(6, 10)
(8, 10)
(1, 4)
(3, 7)
1 10067.0 [7, 1, 2]
2 10052.0 [1, 2, 8]
3 9901.0 [2, 3, 9]
4 9851.0 [6, 5, 7]
5 9994.0 [5, 9, 3]
6 10057.0 [3, 5, 1]
7 10043.0 [5, 3, 8]
8 10031.0 [8, 6, 10]
9 10003.0 [8, 6, 4]
10 9763.0 [8, 10, 7]
11 10190.0 [9, 2, 3]
12 9873.0 [8, 2, 5]
13 9955.0 [10, 6, 2]
14 10033.0 [5, 9, 6]
15 9984.0 [9, 6, 3]
16 9933.0 [2, 4, 10]
17 10078.0 [3, 4, 7]
18 9885.0 [7, 1, 10]
19 9863.0 [8, 7, 10]
20 9955.0 [7, 10, 8]
0.009605599888614005 0.009496185728358848
0.009671839353501202 0.009615081295415094
0.009671839353501202 0.009615081295415094
0.009671839353501202 0.00961630291803229
0.009671839353501202 0.00961630291803229
0.009671839353501202 0.00961630291803229
0.009671839353501202 0.00961630291803229
0.009671839353501202 0.00961630291803229
0.009671839353501202 0.009617901046076616
0.009671839353501202 0.009617901046076616
0.009671839353501202 0.009618398519491728
0.009671839353501202 0.009618398519491728
0.009671839353501202 0.009619870442888735
0.009671839353501202 0.00962015077277592
0.009671839353501202 0.009620481078860705
0.009671839353501202 0.009620552985748465
0.009671839353501202 0.009620588806693683
0.009671839353501202 0.009622078887241717
0.009671839353501202 0.009624049475625004
0.009671839353501202 0.009624049475625004
0.009671839353501202 0.009624049475625004
0.009671839353501202 0.009624049475625004
0.009671839353501202 0.009624815613785325
0.009671839353501202 0.009624815613785325
0.009671839353501202 0.009624815613785325
0.009671839353501202 0.009627124869162968
0.009671839353501202 0.009627124869162968
0.009671839353501202 0.009627124869162968
0.009671839353501202 0.009627124869162968
0.009671839353501202 0.009632316791972097
0.009671839353501202 0.009632316791972097
0.009671839353501202 0.009632316791972097
0.009671839353501202 0.009633006387718156
0.009671839353501202 0.009633006387718156
0.009671839353501202 0.009633006387718156
0.009671839353501202 0.009633006387718156
0.009671839353501202 0.009633006387718156
0.009671839353501202 0.009634123565279451
0.009671839353501202 0.009634123565279451
0.009671839353501202 0.009634123565279451
0.009671839353501202 0.009634123565279451
0.009671839353501202 0.009634123565279451
0.009671839353501202 0.009634123565279451
0.009671839353501202 0.009634123565279451
0.009671839353501202 0.009634123565279451
0.009671839353501202 0.009634123565279451
0.009671839353501202 0.009634123565279451
0.009671839353501202 0.009634123565279451
0.009671839353501202 0.009634123565279451
0.009671839353501202 0.009634123565279451
0.009671839353501202 0.009634123565279451
0.009671839353501202 0.009634123565279451
0.009671839353501202 0.009634123565279451
0.009671839353501202 0.009634789183195066
0.009671839353501202 0.009634789183195066
0.009671839353501202 0.009634789183195066
0.009671839353501202 0.0096370895346123
0.009671839353501202 0.0096370895346123
0.009671839353501202 0.0096370895346123
0.009671839353501202 0.0096370895346123
0.009671839353501202 0.009637460253632208
0.009671839353501202 0.009637460253632208
0.009671839353501202 0.009637460253632208
0.009671839353501202 0.009637460253632208
0.009671839353501202 0.009637460253632208
0.009671839353501202 0.009642136132913929
0.009671839353501202 0.009642136132913929
0.009671839353501202 0.009642136132913929
0.009671839353501202 0.009642136132913929
0.009671839353501202 0.009642136132913929
0.009671839353501202 0.009642136132913929
0.009671839353501202 0.009642136132913929
0.009671839353501202 0.009642136132913929
0.009671839353501202 0.009642136132913929
0.009671839353501202 0.009642136132913929
0.009671839353501202 0.009642136132913929
0.009671839353501202 0.009642136132913929
0.009671839353501202 0.009642136132913929
0.009671839353501202 0.009642136132913929
0.009671839353501202 0.009642136132913929
0.009671839353501202 0.009642136132913929
0.009671839353501202 0.009642136132913929
0.009671839353501202 0.009642136132913929
0.009671839353501202 0.009642136132913929
0.009671839353501202 0.009642136132913929
0.009671839353501202 0.009642136132913929
0.009671839353501202 0.009642136132913929
0.009671839353501202 0.009642136132913929
0.009671839353501202 0.009642136132913929
0.009671839353501202 0.009647108384873879
0.009671839353501202 0.009647108384873879
0.009671839353501202 0.009647108384873879
0.009671839353501202 0.009647108384873879
0.009671839353501202 0.009647108384873879
0.009671839353501202 0.009647108384873879
0.009671839353501202 0.009647108384873879
0.009671839353501202 0.009647108384873879
0.009671839353501202 0.009647108384873879
0.009671839353501202 0.009647108384873879
0.009671839353501202 0.009647116301426641
Final fitness: 0.009671839353501202
[0.3, 0.003194314295847725, 0.029637966871837396, 0.1, 0.40065441527542106, 0.10419637406288276, 0.09032276096357941, 0.00332614763796827, 0.1038183245324058, 0.0836216050605558, 0.11623696183908369, 0.2957405156500727, 0.5085437655869486, 0.10983345843461145, 0.5, 0.4, 0.4, 0.2, 0.3672539747819278, 0.09734439639098336, 0.37218555083326627, 0.3, 0.5, 0.024580029915358154, 0.12047578712051443, 0.19897381855335083, 0.4253654110648999, 0.023714396263787713, 0.43382212842695556, 0.4305397621116755, 0.3816816539873472, 0.3, 0.011213380111659704, 0.39043843446121035, 0.07277249821383025, 0.1890414689242491, 0.29989189675199146, 0.3, 0.4, 0.4, 0.1, 0.2, 0.403076418793035, 0.38946510849587324, 0.03551377351157245, 0.10913679017051023, 0.3, 0.2, 0.5001512324525195, 0.2, 0.2059469619216268, 0.18199611390195866, 0.20778626884477036, 0.11585569713296456, 0.10641427637258455, 0.0, 0.011913856753833219, 0.31099238588792694, 0.3, 0.1, 0.19530875699103892, 0.19974333989059395, 0.002007793817759576, 0.1, 0.1927414786768899, 0.10638453898220279, 0.3, 0.5126304561423248, 0.1037954139777339, 0.002984902391214711, 0.40975259260414243, 0.3, 0.2983115576967202, 0.0010910273129687842, 0.20279986325373012, 0.09849145410936903, 0.00517737284331813, 0.523610608888916, 0.008340229565973245, 0.49981141208269364, 0.10137081046864194, 0.28448341078195294, 0.2, 0.4081777938897796, 0.0, 0.40293817158878076, 0.3, 0.5, 0.05653307348225822, 0.5349845370390345, 0.28437530514363885, 0.29905830398076555, 0.39392566367068105, 0.5, 0.3051313409920583, 0.3037847422009337, 0.31094761121173187, 0.2899055530682141, 0.3890299391789985, 0.05210985703905563, 0.1, 0.3, 0.19294867551467867, 0.3, 0.2, 0.5, 0.0, 0.09976975976541386, 0.1, 0.28475771290903307, 0.1, 0.10291519243680317, 0.2, 0.4052103216855377, 0.0, 0.2930785457660592, 0.1, 0.1, 0.39997083267440375, 0.49541540261397615, 0.11541579269669346, 0.28373461249851417, 0.3, 0.1, 0.3, 0.4147895070724825, 0.3, 0.49959950609110654, 0.2, 0.30341272490814797, 0.3, 0.09460785067667127, 0.39448537677475526, 0.0, 0.013459285126762421, 0.044923058969397744, 0.5, 0.1, 0.1, 0.0, 0.39604953400500253, 0.10651439131540628, 0.4897146033116205, 0.49760620801819855, 0.49886316551020327, 0.1077334153888659, 0.3, 0.3021623793212262, 0.0014906842870430065, 0.2, 0.2953296329620989, 0.017084840740482797, 0.5, 0.08865764864319942, 0.5022058501882442, 0.07314086767487754, 0.5, 0.01836114445419243, 0.5199690530093746, 0.5, 0.1, 0.1764754518774973, 0.07991648709450078, 0.2065628995631003, 0.4, 0.3246985731097627, 0.2, 0.19244318216160594, 0.4167571956289292, 0.12467822525915823, 0.3, 0.4, 0.5, 0.4, 0.5567586113105426, 0.1453058018140305, 0.2, 0.19902548231047854, 0.5, 0.4218261463878223, 0.07713889367440371, 0.49066016170403165, 0.1980407008517527, 0.5126526353892848, 0.01049425859965153, 0.10126718944566859, 0.40023570854812474, 0.4000265325565449, 0.01290600783713583, 0.19903648398171775, 0.5054948000576922, 0.1, 0.1832095284243825, 0.1, 0.0, 0.4, 0.4, 0.1, 0.4999661566034193, 0.000977457026972245]
