1 6.0 [4, 6, 8]
2 16.0 [1, 4, 7]
3 17.0 [1, 5, 7]
4 2.0 [8, 9]
5 6.0 [2, 8, 9]
6 13.0 [1, 3]
7 17.0 [5, 7, 10]
8 9.0 [1, 3, 5]
9 10.0 [5, 8]
10 10.0 [4, 5]
(5, 7)
(8, 9)
(1, 2)
(4, 5)
(6, 10)
(8, 10)
(1, 4)
(3, 7)
1 10067.0 [7, 1, 2]
2 10052.0 [1, 2, 8]
3 9901.0 [2, 3, 9]
4 9851.0 [6, 5, 7]
5 9994.0 [5, 9, 3]
6 10057.0 [3, 5, 1]
7 10043.0 [5, 3, 8]
8 10031.0 [8, 6, 10]
9 10003.0 [8, 6, 4]
10 9763.0 [8, 10, 7]
11 10190.0 [9, 2, 3]
12 9873.0 [8, 2, 5]
13 9955.0 [10, 6, 2]
14 10033.0 [5, 9, 6]
15 9984.0 [9, 6, 3]
16 9933.0 [2, 4, 10]
17 10078.0 [3, 4, 7]
18 9885.0 [7, 1, 10]
19 9863.0 [8, 7, 10]
20 9955.0 [7, 10, 8]
0.009606274584105776 0.009473016747667918
0.009647288735341472 0.009604501514122253
0.009647288735341472 0.00960710773334742
0.009647288735341472 0.009610573903852039
0.009647288735341472 0.009612198150437061
0.009647288735341472 0.009612439229693225
0.009647288735341472 0.009616364475491886
0.009647288735341472 0.009616364475491886
0.009647288735341472 0.009617164972532366
0.009647288735341472 0.009620596461920802
0.009647288735341472 0.009620596461920802
0.009647288735341472 0.009620596461920802
0.009647288735341472 0.00962326767102044
0.009647288735341472 0.009623329861638906
0.009647288735341472 0.009623329861638906
0.009647288735341472 0.009623329861638906
0.009647288735341472 0.009623329861638906
0.009647288735341472 0.009623329861638906
0.009647288735341472 0.009624736900989967
0.009647288735341472 0.009624736900989967
0.009647288735341472 0.009624736900989967
0.009647288735341472 0.009624736900989967
0.009647288735341472 0.009625857560708679
0.009647288735341472 0.009625857560708679
0.009647288735341472 0.009625857560708679
0.009647288735341472 0.009625857560708679
0.009647288735341472 0.009625857560708679
0.009647288735341472 0.009625857560708679
0.009647288735341472 0.009625857560708679
0.009647288735341472 0.009625857560708679
0.009647288735341472 0.009625857560708679
0.009647288735341472 0.009625857560708679
0.009647288735341472 0.009625857560708679
0.009647288735341472 0.009626190180056095
0.009647288735341472 0.009626190180056095
0.009647288735341472 0.009626190180056095
0.009647288735341472 0.009626190180056095
0.009647288735341472 0.009626190180056095
0.009647288735341472 0.009626190180056095
0.009647288735341472 0.009626316169384218
0.009647288735341472 0.009627433186949893
0.009647288735341472 0.009627433186949893
0.009647288735341472 0.00962779001199285
0.009647288735341472 0.00962779001199285
0.009647288735341472 0.009628505025779615
0.009647288735341472 0.009628505025779615
0.009647288735341472 0.009630006211909676
0.009647288735341472 0.009630006211909676
0.009647288735341472 0.009630006211909676
0.009647288735341472 0.009630006211909676
0.009647288735341472 0.009630006211909676
0.009647288735341472 0.009630006211909676
0.009647288735341472 0.009631076631006732
0.009648007229375056 0.009633396235200455
0.009648007229375056 0.009633396235200455
0.009648007229375056 0.009633396235200455
0.009648007229375056 0.009633396235200455
0.009648007229375056 0.009633396235200455
0.009648007229375056 0.009633396235200455
0.009648007229375056 0.009633396235200455
0.009648007229375056 0.009633396235200455
0.009648007229375056 0.009633396235200455
0.009648007229375056 0.009633396235200455
0.009648007229375056 0.009633396235200455
0.009648007229375056 0.009633396235200455
0.009648007229375056 0.009633396235200455
0.009648007229375056 0.009633396235200455
0.009648007229375056 0.009633396235200455
0.009648007229375056 0.009633396235200455
0.009657214771697299 0.009633653957856743
0.009657214771697299 0.009633653957856743
0.009657214771697299 0.009633653957856743
0.009657214771697299 0.009633653957856743
0.009657214771697299 0.009633653957856743
0.009657214771697299 0.009633653957856743
0.009657214771697299 0.009633653957856743
0.009657214771697299 0.009633653957856743
0.009657214771697299 0.009633653957856743
0.009657214771697299 0.009633653957856743
0.009657214771697299 0.009633653957856743
0.009657214771697299 0.009633653957856743
0.009657214771697299 0.009633653957856743
0.009657214771697299 0.009633653957856743
0.009657214771697299 0.009633653957856743
0.009657214771697299 0.009633653957856743
0.009657214771697299 0.009633653957856743
0.009657214771697299 0.009633653957856743
0.009657214771697299 0.00963429307575906
0.009657214771697299 0.00963429307575906
0.009657214771697299 0.00963429307575906
0.009657214771697299 0.00963429307575906
0.009657214771697299 0.00963429307575906
0.009657214771697299 0.00963429307575906
0.009657214771697299 0.00963429307575906
0.009657214771697299 0.00963429307575906
0.009657214771697299 0.00963429307575906
0.009657214771697299 0.009635469935286151
0.009657214771697299 0.009635469935286151
0.009657214771697299 0.009635469935286151
0.009657214771697299 0.009635469935286151
Final fitness: 0.009657214771697299
[0.3, 0.2, 0.09319630202075807, 0.3, 0.1252871992063229, 0.3, 0.36140855731073324, 0.0, 0.19474176159425038, 0.49515154291964986, 0.08654503041866929, 0.4, 0.37816491300606986, 0.3066310233923911, 0.3, 0.4377154809647522, 0.2, 0.40510883650706486, 0.1872043879437959, 0.2, 0.5001009669214953, 0.31281545728198623, 0.40513315613542966, 0.4796014493376185, 0.09943799815509848, 0.11305546262838295, 0.08391229423018043, 0.11515459387628614, 0.0, 0.30254404577077476, 6.591686344776311e-05, 0.4118074257031025, 0.3885135743395262, 0.11352564197122877, 0.013984958004716774, 0.44243804138521403, 0.2865838629591885, 0.5267973087252849, 0.21240172638342147, 0.22035322366314058, 0.1, 0.2987652085443772, 0.39052408447221065, 0.1, 0.30013935396404484, 0.5404960133697119, 0.456788040898566, 0.27647809923770816, 0.19856057061952187, 0.2743851989492017, 0.0, 0.10026573732043847, 0.09905743865103621, 0.43558513860761344, 0.4982619224242032, 0.1047654130364512, 0.40677235310385096, 0.4938794622078695, 0.3246719349951168, 0.44456411584191236, 0.40029091572499464, 0.4651126919252592, 0.3741892618057695, 0.3976822289933426, 0.2815619625110358, 0.1417902564427478, 0.0052140245432171495, 0.09314958829421013, 0.574458883088267, 0.005606915491705194, 0.5739064843465789, 0.3, 0.10260707853600937, 0.5272913003933113, 0.25023536588933687, 0.26481919231111084, 0.300900385147694, 0.5087297185954798, 0.009829800173348252, 0.3295775654124124, 0.1, 0.1971915145904401, 0.030828550429257473, 0.5, 0.2856526478785897, 0.21120360859381565, 0.4772802431660365, 0.21401199700196696, 0.19947988425577787, 0.19829462607616583, 0.5, 0.2960229230918385, 0.30706736550319325, 0.10067180740698256, 0.18832104754419204, 0.0019237360743817877, 0.3115635161684461, 0.47536802514575727, 0.30806357537496737, 0.40865976489385797, 0.23439739155105566, 0.20248496277791528, 0.004558230889064249, 0.0, 0.4472869621447906, 0.5, 0.39775563758303534, 0.010209905960758131, 0.5, 0.20396196828665455, 0.0, 0.04360927929848016, 0.05011093680457801, 0.460919038848825, 0.12407831286483942, 0.2, 0.19962896059531493, 0.013564903693551483, 0.4, 0.07809306333830365, 0.5131651250489426, 0.4946002612322731, 0.12082481520334695, 0.5000625920680257, 0.10596096749557489, 0.009637361147371765, 0.0009618917819625011, 0.4, 0.5138485203775129, 0.02070593784019406, 0.21698161367996355, 0.5235874298866825, 0.20062905822581337, 0.5054125052593114, 6.772047518671317e-05, 0.4, 0.4, 0.4, 0.0996920287101499, 0.5, 0.022969090919146257, 0.5035614999075364, 0.3946360248910059, 0.1, 0.2892612553693314, 0.2278382874089115, 0.22735211615587353, 0.17798942047148875, 0.03017883393593423, 0.20843326813261828, 0.5, 0.2987711658136091, 0.3994162417184459, 0.1, 0.02094659467962326, 0.010556840681057944, 0.3, 0.20072598640186676, 0.0, 0.2, 0.03431842559034204, 0.29413405540729715, 0.2528382536947127, 0.010289129150150345, 0.39801108816670416, 0.10070589558242012, 0.011964801763212116, 0.021582564133555637, 0.0, 0.022150804916072714, 0.29721281076681577, 0.27409476322455073, 0.17655963701059807, 0.2, 0.43992813665617797, 0.31971916551582924, 0.1, 0.2, 0.2, 0.2, 0.4643126290083255, 0.1440823040383737, 0.3941009459310355, 0.3895436535720754, 0.39999954178000185, 0.5299756916038896, 0.47798871547864963, 0.2, 0.2178949027350252, 0.5213700521637537, 0.05072199234755319, 0.39594888954307084, 0.00025003093221169503, 0.5067048389542906, 0.10954121346426862, 0.0769764123321606, 0.4605360087718895, 0.1377985105834955, 0.20243883342752897, 0.33288464003802376]
