1 7.0 [1, 4, 6]
2 9.0 [2, 6]
3 14.0 [1, 5]
4 0.0 [2, 4]
5 4.0 [5, 8]
6 7.0 [1, 7]
7 11.0 [1, 5]
8 3.0 [1, 2, 5]
9 10.0 [1, 4, 8]
10 10.0 [2, 5]
11 15.0 [1, 3, 4]
12 6.0 [4, 5]
13 12.0 [2, 7]
14 3.0 [1, 3, 4]
15 16.0 [4, 5, 6]
16 13.0 [1, 6, 8]
17 11.0 [4, 6, 8]
18 15.0 [3, 4]
19 5.0 [1, 7]
20 7.0 [1, 4, 5]
(13, 20)
(5, 7)
(9, 20)
(19, 20)
(8, 12)
(8, 17)
(15, 16)
(3, 4)
(12, 17)
(4, 16)
(4, 13)
(3, 9)
(8, 15)
(10, 13)
(15, 18)
(12, 18)
(17, 19)
(13, 15)
(17, 20)
(6, 16)
(9, 15)
(6, 13)
(4, 5)
(18, 20)
(13, 19)
(17, 18)
(7, 10)
(10, 16)
(13, 16)
(1, 3)
(1, 6)
(18, 19)
(12, 13)
(7, 15)
(16, 20)
(7, 19)
(14, 16)
(9, 11)
(14, 20)
(11, 20)
(6, 7)
(3, 11)
(9, 10)
(4, 8)
1 9949.0 [7, 5, 8]
2 9882.0 [5, 8, 2]
3 10029.0 [2, 7, 5]
4 10072.0 [3, 1, 6]
5 10250.0 [3, 1, 4]
6 9818.0 [6, 8, 2]
7 9928.0 [8, 3, 6]
8 9976.0 [3, 8, 5]
9 10053.0 [8, 5, 6]
10 10072.0 [5, 8, 1]
0.22447115809675652 0.006070056902636412
0.24873935864978083 0.23258532415945016
0.24873935864978083 0.23349911366658316
0.25040301494641654 0.23542227354373108
0.2545843982554828 0.24180241749091422
0.2545843982554828 0.24180241749091422
0.2545843982554828 0.24193848256348796
0.2545843982554828 0.24242021782328507
0.2545843982554828 0.24276223099808492
0.2545843982554828 0.24276223099808492
0.2545843982554828 0.24307761515781284
0.2545843982554828 0.24307761515781284
0.2545843982554828 0.24307761515781284
0.2545843982554828 0.2449092438755513
0.2545843982554828 0.2455147692996562
0.2545843982554828 0.2455147692996562
0.2545843982554828 0.2455147692996562
0.2545843982554828 0.2455147692996562
0.2545843982554828 0.24582441517532844
0.2545843982554828 0.24598398283419146
0.2545843982554828 0.24598398283419146
0.2545843982554828 0.2461479070879194
0.2545843982554828 0.24647583433296225
0.2545843982554828 0.24647583433296225
0.2545843982554828 0.24647583433296225
0.2545843982554828 0.24647583433296225
0.2545843982554828 0.24647583433296225
0.2545843982554828 0.24647583433296225
0.2545843982554828 0.24647583433296225
0.2545843982554828 0.24647583433296225
0.2545843982554828 0.24657103709394415
0.2545843982554828 0.24657103709394415
0.2545843982554828 0.2483535329546208
0.2545843982554828 0.2483535329546208
0.2545843982554828 0.2483535329546208
0.2545843982554828 0.24857930467953887
0.2545843982554828 0.24857930467953887
0.2545843982554828 0.24857930467953887
0.2545843982554828 0.24857930467953887
0.2545843982554828 0.24857930467953887
0.2545843982554828 0.24857930467953887
0.2545843982554828 0.24857930467953887
0.2545843982554828 0.24857930467953887
0.2545843982554828 0.24857930467953887
0.2545843982554828 0.24857930467953887
0.2545843982554828 0.24857930467953887
0.2545843982554828 0.2495463576940122
0.2545843982554828 0.2495463576940122
0.2545843982554828 0.2495463576940122
0.2545843982554828 0.2495463576940122
0.2545843982554828 0.2501958933111605
0.2545843982554828 0.2501958933111605
0.2545843982554828 0.2501958933111605
0.2545843982554828 0.2501958933111605
0.2545843982554828 0.2501958933111605
0.2545843982554828 0.2501958933111605
0.2545843982554828 0.2501958933111605
0.2545843982554828 0.2501958933111605
0.2545843982554828 0.2501958933111605
0.2545843982554828 0.2501958933111605
0.2545843982554828 0.2501958933111605
0.2545843982554828 0.2501958933111605
0.2545843982554828 0.2501958933111605
0.2545843982554828 0.2501958933111605
0.2545843982554828 0.2501958933111605
0.2545843982554828 0.2501958933111605
0.2545843982554828 0.25020403043839473
0.2545843982554828 0.25020403043839473
0.2545843982554828 0.25020403043839473
0.2545843982554828 0.25020403043839473
0.2545843982554828 0.25020403043839473
0.2545843982554828 0.25020403043839473
0.2545843982554828 0.25020403043839473
0.2545843982554828 0.25020403043839473
0.2545843982554828 0.25020403043839473
0.2545843982554828 0.2504344030256284
0.2551882915514513 0.25084650904390826
0.2551882915514513 0.25084650904390826
0.25520391327318764 0.2512434932797337
0.25520391327318764 0.2512434932797337
0.25520391327318764 0.2512434932797337
0.25520391327318764 0.2512434932797337
0.25520391327318764 0.2512434932797337
0.25520391327318764 0.2512434932797337
0.25520391327318764 0.2512434932797337
0.25520391327318764 0.2512434932797337
0.25520391327318764 0.2512434932797337
0.25520391327318764 0.2512434932797337
0.25520391327318764 0.2512434932797337
0.25520391327318764 0.2512434932797337
0.2568826449302231 0.2514952394832225
0.2568826449302231 0.2514952394832225
0.2568826449302231 0.2514952394832225
0.2568826449302231 0.2514952394832225
0.2568826449302231 0.2514952394832225
0.2568826449302231 0.2514952394832225
0.2568826449302231 0.2514952394832225
0.2568826449302231 0.2514952394832225
0.2568826449302231 0.2514952394832225
0.2568826449302231 0.2514952394832225
Final fitness: 0.2568826449302231
[0.09451448660471984, 0.0739078108798172, 0.4, 0.30007398604341035, 0.5079400061429197, 0.0, 0.48578537264834054, 0.36093487492449294, 0.060382418665760496, 0.5210762621179923, 0.5, 0.18815007956108248, 0.48372807755316033, 0.1044827832127753, 0.27464840529287626, 0.3, 0.28857776435817933, 0.1, 0.5, 0.4296221272616334, 0.1, 0.4857547694312221, 0.5, 0.0010859725427856681, 0.2, 0.2, 0.49462947147393005, 0.3, 0.12204154813594142, 0.5005634802850135, 0.20616823151811503, 0.5, 0.5108067044628277, 0.4, 0.282578746907274, 0.3985062643222055, 0.20148134522421557, 0.10952637995468785, 0.3, 0.5094519213203246, 0.15960736650383084, 0.5007563971254874, 0.5158424980362132, 0.002853811629864103, 0.0901403892533435, 0.3374465928845265, 0.10382418866605615, 0.3, 0.19760832180935187, 0.48340608284327496, 0.1, 0.50243598166628, 0.2990469470154751, 0.03862472987804433, 0.3924153774631902, 0.19997887492260738, 0.20096067268782739, 0.4, 0.47315374096994944, 0.4077853613054617, 0.03134954844592053, 0.3382948581875158, 0.0020591063216072736, 0.39715774479993604, 0.2778827703886706, 0.21624189691264403, 0.18371695809426886, 0.5, 0.2, 0.09249917061169445, 0.07137932067372924, 0.08796107700016756, 0.29580773283141903, 0.10353192629636468, 0.0053361923019543955, 0.5171747661019825, 0.20264078276532285, 0.3010611540996039, 0.38713934021380303, 0.4955885634823386, 0.4890327061193212, 0.0, 0.3, 0.1, 0.20780209049296766, 0.3, 0.4035923481974822, 0.30004822490339494, 0.30142755127738796, 0.3, 0.21625669756670576, 1.3799211077767159e-05, 0.4851993865634274, 0.4, 0.3, 0.18941302920067266, 0.2005733962742395, 0.17638511649661287, 0.4, 0.4948401201434979, 0.3, 0.19853660697320874, 0.5017212958486351, 0.4000192659105342, 0.5003160887393725, 0.30120622371978767, 0.0, 0.12690832272590927, 0.2010644074450037, 0.2934042966326076, 0.37605045245553537, 0.28988403472098645, 0.5, 0.4056838841021678, 0.19661002449793544, 0.300612809221351, 0.47763540060439547, 0.0, 0.1969259443935748, 0.2, 0.5, 0.3965182621857267, 0.00020171410697557746, 0.1, 0.3940126389965783, 0.2282310290078431, 0.040803915721367684, 0.05555392004828827, 0.18286516925667018, 0.499083911423682, 0.4840924977183146, 0.08980065831730678, 0.40023114683576944, 0.10307347177088932, 5.167590499388034e-06, 0.2937966322214059, 0.39995613423521315, 0.4165987200691788, 0.1, 0.19765201395198778, 0.3, 0.01801003266965351, 0.28265175585421576, 0.07787160188140416, 0.0, 0.21607600535573807, 0.06625348485447334, 0.31508606050651333, 0.2026272016892486, 0.4949265683582057, 0.2334577342762655, 0.1, 0.20055574529014772, 0.010009822285450859, 0.2, 0.014855114589784835, 0.2, 0.4, 0.5024777750772546, 0.007896238880622991, 0.09616225403644801, 0.4595357987525122, 0.1, 0.18064460198138932, 0.0, 0.0918789435183889, 0.09997648369931839, 0.19308727019990835, 0.04054664427394547, 0.08929894520169157, 0.1, 0.0, 0.3, 0.49175661581931385, 0.2, 0.0, 0.3957437461679506, 0.0002444947244099266, 0.08354597209117395, 0.18551687022206836, 0.3, 0.00475448170338004, 0.30232657225316467, 0.1, 0.17977838272648067, 0.3, 0.007897145957092726, 0.006883610354032482, 0.2, 0.1040976429355377, 0.5, 0.5000077856182535, 0.517142149615875, 0.09949364189448945, 0.4, 0.517507084693704, 0.1, 0.4, 0.2827674638407134, 0.4009713878962377]
