1 7.0 [1, 4, 6]
2 9.0 [2, 6]
3 14.0 [1, 5]
4 0.0 [2, 4]
5 4.0 [5, 8]
6 7.0 [1, 7]
7 11.0 [1, 5]
8 3.0 [1, 2, 5]
9 10.0 [1, 4, 8]
10 10.0 [2, 5]
11 15.0 [1, 3, 4]
12 6.0 [4, 5]
13 12.0 [2, 7]
14 3.0 [1, 3, 4]
15 16.0 [4, 5, 6]
16 13.0 [1, 6, 8]
17 11.0 [4, 6, 8]
18 15.0 [3, 4]
19 5.0 [1, 7]
20 7.0 [1, 4, 5]
(13, 20)
(5, 7)
(9, 20)
(19, 20)
(8, 12)
(8, 17)
(15, 16)
(3, 4)
(12, 17)
(4, 16)
(4, 13)
(3, 9)
(8, 15)
(10, 13)
(15, 18)
(12, 18)
(17, 19)
(13, 15)
(17, 20)
(6, 16)
(9, 15)
(6, 13)
(4, 5)
(18, 20)
(13, 19)
(17, 18)
(7, 10)
(10, 16)
(13, 16)
(1, 3)
(1, 6)
(18, 19)
(12, 13)
(7, 15)
(16, 20)
(7, 19)
(14, 16)
(9, 11)
(14, 20)
(11, 20)
(6, 7)
(3, 11)
(9, 10)
(4, 8)
1 9949.0 [7, 5, 8]
2 9882.0 [5, 8, 2]
3 10029.0 [2, 7, 5]
4 10072.0 [3, 1, 6]
5 10250.0 [3, 1, 4]
6 9818.0 [6, 8, 2]
7 9928.0 [8, 3, 6]
8 9976.0 [3, 8, 5]
9 10053.0 [8, 5, 6]
10 10072.0 [5, 8, 1]
0.22938662334901075 0.00647192241152087
0.25121968758498875 0.23859992261486235
0.25121968758498875 0.24092944440310474
0.25121968758498875 0.24092944440310474
0.25121968758498875 0.24159212397825278
0.25121968758498875 0.24271884444453437
0.25121968758498875 0.24271884444453437
0.25121968758498875 0.24271884444453437
0.25121968758498875 0.24277510783791237
0.2517918789050864 0.24329901040161253
0.2517918789050864 0.24367896038485246
0.2517918789050864 0.24367896038485246
0.2517918789050864 0.2438056899780052
0.2517918789050864 0.24381942600849
0.2517918789050864 0.24381942600849
0.2517918789050864 0.2450759073706591
0.2517918789050864 0.24526663752977187
0.2517918789050864 0.24526663752977187
0.25438339614015615 0.24526663752977187
0.25438339614015615 0.24611455704292953
0.25438339614015615 0.2464948898041875
0.25438339614015615 0.2464948898041875
0.25438339614015615 0.2464948898041875
0.25438339614015615 0.2464948898041875
0.25438339614015615 0.2464948898041875
0.25438339614015615 0.2464948898041875
0.25438339614015615 0.2464948898041875
0.25438339614015615 0.2464948898041875
0.25438339614015615 0.2464948898041875
0.25438339614015615 0.2464948898041875
0.25438339614015615 0.2464948898041875
0.25438339614015615 0.24757925755341126
0.25438339614015615 0.24757925755341126
0.25438339614015615 0.24757925755341126
0.25438339614015615 0.24757925755341126
0.25438339614015615 0.24810829063756945
0.25438339614015615 0.24810829063756945
0.25438339614015615 0.24810829063756945
0.25438339614015615 0.24810829063756945
0.2591267199846788 0.24821545839217657
0.2591267199846788 0.24821545839217657
0.2591267199846788 0.24821545839217657
0.2591267199846788 0.24821545839217657
0.2591267199846788 0.24821545839217657
0.2591267199846788 0.24821545839217657
0.2591267199846788 0.24821545839217657
0.2591267199846788 0.24821545839217657
0.2591267199846788 0.24842609509241811
0.2591267199846788 0.24842609509241811
0.2591267199846788 0.24842609509241811
0.2591267199846788 0.24842609509241811
0.2591267199846788 0.249185809192454
0.2591267199846788 0.249185809192454
0.2591267199846788 0.24925472520900827
0.2591267199846788 0.24925472520900827
0.2591267199846788 0.24925472520900827
0.2591267199846788 0.24925472520900827
0.2591267199846788 0.24969122416493478
0.2591267199846788 0.24969122416493478
0.2591267199846788 0.24969122416493478
0.2591267199846788 0.25008954981271375
0.2591267199846788 0.25008954981271375
0.2591267199846788 0.25041599721520363
0.2591267199846788 0.25041599721520363
0.2591267199846788 0.25041599721520363
0.2591267199846788 0.25041599721520363
0.2591267199846788 0.25041599721520363
0.2591267199846788 0.25041599721520363
0.2591267199846788 0.25041599721520363
0.2591267199846788 0.25041599721520363
0.2591267199846788 0.25041599721520363
0.2591267199846788 0.25041599721520363
0.2591267199846788 0.25041599721520363
0.2591267199846788 0.25041599721520363
0.2591267199846788 0.25041599721520363
0.2591267199846788 0.25041599721520363
0.2591267199846788 0.25041599721520363
0.2591267199846788 0.25041599721520363
0.2591267199846788 0.25041599721520363
0.2591267199846788 0.25041599721520363
0.2591267199846788 0.25041599721520363
0.2591267199846788 0.2508108961031511
0.2591267199846788 0.2508108961031511
0.2591267199846788 0.2509163994908889
0.2591267199846788 0.2509163994908889
0.2591267199846788 0.2509163994908889
0.2591267199846788 0.2509163994908889
0.2591267199846788 0.2509163994908889
0.2591267199846788 0.2509163994908889
0.2591267199846788 0.2509163994908889
0.2591267199846788 0.2509163994908889
0.2591267199846788 0.2509163994908889
0.2591267199846788 0.2509163994908889
0.2591267199846788 0.2509163994908889
0.2591267199846788 0.2509163994908889
0.2591267199846788 0.2509163994908889
0.2591267199846788 0.2509163994908889
0.2591267199846788 0.2509163994908889
0.2591267199846788 0.25101303540458025
0.2591267199846788 0.25101303540458025
Final fitness: 0.2591267199846788
[0.401750300743314, 0.10485635189543652, 0.35264397103822276, 0.29387766158202516, 0.00851980227654145, 0.5036138303592184, 0.1, 0.31442467739847574, 0.3767587573910426, 0.017808762101527376, 0.49655939490095397, 0.021308148352658374, 0.19800138761308547, 0.010355519902627064, 0.0, 0.31736770081917615, 0.19678639467129816, 0.417491032612276, 0.40302920143353405, 0.2185157256196394, 0.4798475930749565, 0.407371849716802, 9.542379221172599e-05, 0.4772807073599896, 0.5036740638143412, 0.022578336841688612, 0.01513834793026475, 0.2945290292666024, 0.2999797110913201, 0.20097610650071282, 0.31613652699122724, 0.4049754671599729, 0.2963583155607513, 0.40015322117027446, 0.49103766382566005, 0.020120777981649962, 0.003199643565526157, 0.0496584543845463, 0.3790497405131217, 0.20773888861262818, 0.19552112925132709, 0.30691252254903134, 0.320798549098722, 0.20000142797969842, 0.5239156791991864, 0.4, 0.003994277719253425, 0.363413450235379, 0.33157758050059477, 0.19619311909616666, 0.4219184668256425, 0.277985175280155, 0.11342922636904046, 0.3977267416262008, 0.0049038469521272415, 0.38518647327495265, 0.4950166225520547, 0.2964950646061538, 0.19732597212644828, 0.1204640444020611, 0.5, 0.3, 7.012552972623877e-05, 0.0003744418077208239, 0.046094978495549194, 0.08994133651893055, 0.4355546153587202, 0.10226574239424838, 0.03915584780546974, 0.02340813583800131, 0.1, 0.27143191708353487, 0.378871462920476, 0.20499200971967063, 0.4234726725904481, 0.014494044437193043, 0.005167170131510239, 0.4593486400373507, 0.010520747605565539, 0.5, 0.1, 0.5077429702647961, 0.21936935681510902, 0.29204782873758917, 0.013201863052054577, 0.29936738856589146, 0.09023871280835369, 0.40247608176212757, 0.0, 0.3172660933736134, 0.4902671041683404, 0.007165833402342364, 0.20935704203328678, 0.0014430809027416048, 0.2908401755940587, 0.1934451174176461, 0.2950880144074065, 0.19973218876455007, 0.1738834757212986, 0.026597004914790306, 0.30193091556089346, 0.4, 0.49623289562955375, 0.46437160894734, 0.5047833873746358, 0.10424070424306474, 0.4, 0.1, 0.0003882442231667102, 0.301449342274962, 0.2, 0.1, 0.11647603290028513, 0.30116657653444284, 0.05798641047683442, 0.1, 0.19483031361463932, 0.4, 0.5, 0.4224174734488187, 0.2, 7.212328460656553e-06, 0.3217298406699663, 0.0874326331726924, 0.4, 0.10059649823356488, 0.12374113116673643, 0.013487125090601938, 0.4051785158607437, 0.5315974882951703, 0.1, 0.0828543003487682, 0.19964613093205552, 0.4, 0.5022199892001225, 0.5044840270785804, 0.4066182918591249, 0.058925411458175564, 0.5, 0.37244776023032394, 0.3852630047044301, 0.3, 0.49710919245170637, 0.5146338481063483, 0.5042663567140009, 0.1, 0.3981462726743191, 0.3, 0.4750614115199972, 0.04934245322832609, 0.006058893756350242, 0.3996509029255571, 0.07030017159318397, 0.5162776010285554, 0.22807904368746426, 0.07585824088627112, 0.09648867561340174, 0.38077994949759697, 0.48867042075402206, 0.20311908717734933, 0.2, 0.1086546188651725, 0.38928411150360465, 0.10232982254028287, 0.11738127240215054, 0.47344838880369, 0.38754987073903674, 0.19043885373312702, 0.3976323933435434, 0.0952834359597665, 0.1, 0.10950894356885077, 0.39733249901709333, 0.19377799429707063, 0.19913810812974148, 0.509475254995846, 0.09614607504021618, 0.11300152659344656, 0.2970441319842362, 0.47760346286224314, 0.3993402742201926, 0.29223323680680935, 0.08755079433860802, 0.24201220804625417, 0.1990506668383404, 0.027034194118836258, 0.44958222752807464, 0.32698209210172535, 0.006266295141186401, 0.4961581637504331, 0.6703345449030997, 0.40679625903689137, 0.30493444160257405, 0.6158907033421546, 0.4104590749163568, 0.0708154400609336, 0.0, 7.500298258794526e-05, 0.46288792361358, 0.29688675201622233]
