Task
Skills
[6, 7]
[3, 5, 7]
[2, 3]
[3, 6, 7]
[2, 3, 7]
[1, 2]
[2, 3]
[1, 6, 7]

Cost
8.0
8.0
8.0
3.0
17.0
20.0
10.0
9.0

Employee
Skills
[1, 2, 3, 4, 5, 6, 7]
[1, 2, 3, 4, 5, 7]
[1, 2, 3, 4, 5, 6, 7]
[2, 3, 4, 5, 6, 7]
[1, 2, 3, 4, 5, 6, 7]
[1, 2, 3, 4, 5, 7]
[1, 2, 3, 4, 5, 7]
[1, 2, 3, 4, 5, 6, 7]
[2, 3, 4, 5, 6, 7]
[1, 2, 3, 4, 5, 6, 7]

Salary
9465.0
9475.0
11501.0
9769.0
10749.0
10288.0
8571.0
10903.0
11037.0
9828.0

Team
[1.9850026010223878, 0.18212375051252394, 0.7176406839199339, 1.5340873914952124, 0.14863581676990179, 1.3932135973019686, 0.47077045345645807, 1.4890159454850462, 0.27824517847103625, 1.5964701089741966]
[0.18212375051252394, 0.15133877966497167, 0.7778187939774182, 0.7981114960025331, 0.8472192924749398, 1.3930634011990006, 0.4909995217013994, 1.1151725310028653, 1.2789818710617091, 1.802499326729509]
[0.7176406839199339, 0.7778187939774182, 1.174265498685762, 0.8618080817973071, 0.6399809057368213, 0.9260073334361711, 0.10667661971917908, 0.6483140981769688, 0.9415352155373198, 0.2792483512974877]
[1.5340873914952124, 0.7981114960025331, 0.8618080817973071, 1.4340801631563556, 1.2175021462906137, 1.6176868217802627, 0.2228937417974326, 1.2943922301988497, 1.2756081176813578, 1.3051895787048884]
[0.14863581676990179, 0.8472192924749398, 0.6399809057368213, 1.2175021462906137, 0.31192937924613173, 0.47800990295685675, 0.4226701520364715, 1.0721857998635547, 0.27603041409724094, 1.3357600021901013]
[1.3932135973019686, 1.3930634011990006, 0.9260073334361711, 1.6176868217802627, 0.47800990295685675, 0.10904442155462712, 1.3622364050254925, 1.4000271252322727, 0.48386533282966626, 0.35237321377639286]
[0.47077045345645807, 0.4909995217013994, 0.10667661971917908, 0.2228937417974326, 0.4226701520364715, 1.3622364050254925, 0.4157121650281814, 1.4348420931759798, 1.1016468388691938, 1.9628272200314718]
[1.4890159454850462, 1.1151725310028653, 0.6483140981769688, 1.2943922301988497, 1.0721857998635547, 1.4000271252322727, 1.4348420931759798, 0.08120641201010037, 0.8233022739244853, 0.07368181520046768]
[0.27824517847103625, 1.2789818710617091, 0.9415352155373198, 1.2756081176813578, 0.27603041409724094, 0.48386533282966626, 1.1016468388691938, 0.8233022739244853, 1.6408448059389065, 0.3105475664853563]
[1.5964701089741966, 1.802499326729509, 0.2792483512974877, 1.3051895787048884, 1.3357600021901013, 0.35237321377639286, 1.9628272200314718, 0.07368181520046768, 0.3105475664853563, 0.7910222561839355]

TPG
[(1, 7), (3, 4), (2, 5), (4, 5), (1, 6), (3, 5), (2, 6)]