Task
Skills
[2, 6, 8]
[3, 9]
[2, 3, 6]
[2, 4]
[2, 6, 8]
[1, 2, 9]
[4, 7, 8]

Cost
12.0
1.0
9.0
14.0
8.0
6.0
7.0

Employee
Skills
[1, 3, 5, 6, 7, 8]
[1, 4, 5, 6, 8, 9]
[1, 2, 4, 5, 6, 7, 9]
[1, 2, 4, 6, 7, 8, 9]
[1, 2, 4, 6, 8, 9]
[1, 2, 3, 5, 6, 8, 9]
[2, 3, 4, 5, 7, 8]
[1, 2, 3, 4, 7, 8]
[1, 2, 4, 5, 6, 7, 8]
[1, 2, 3, 5, 8, 9]
[1, 2, 3, 5, 6, 8, 9]
[1, 2, 4, 5, 7, 9]
[1, 3, 4, 6, 7, 8]
[1, 2, 3, 5, 6, 8]

Salary
10152.0
11469.0
8586.0
10173.0
9545.0
9075.0
10225.0
8976.0
10114.0
8520.0
9423.0
10032.0
10196.0
11377.0

Team
[1.0036171434428822, 1.7764880785447332, 0.6409764456084752, 0.5627298810651225, 0.6008653641933352, 0.6422669456291143, 0.7233384177229021, 0.341741956140444, 1.753052649500598, 0.9692969613718136, 0.184668729004692, 1.9662166657317277, 0.20013686010112464, 0.6975489947120348]
[1.7764880785447332, 0.16743328851100725, 0.5875061594786228, 1.6633807624800303, 1.9278273506256511, 1.5820821920221362, 1.880185472856609, 1.0529567614224362, 0.4200054182141406, 0.36314081979398294, 0.2584708715531019, 0.5968874609455306, 0.5351233624483911, 0.33821728374203386]
[0.6409764456084752, 0.5875061594786228, 0.5937030358211395, 1.3882318900700326, 0.23989540741426096, 1.144257120430726, 0.8894131535921579, 0.9583811732258942, 0.6491871111091034, 0.04914496354167652, 1.7725830814272312, 1.4154829362627201, 0.4551518632068212, 1.610603473155036]
[0.5627298810651225, 1.6633807624800303, 1.3882318900700326, 1.7068243732792625, 0.6640074830668443, 1.5146061679633764, 0.9992712370696397, 1.2599232234719322, 0.8847026343932194, 1.8420588237219002, 0.6997621763665176, 0.4959272378981425, 1.5512650499197334, 0.5155710690953523]
[0.6008653641933352, 1.9278273506256511, 0.23989540741426096, 0.6640074830668443, 0.6084911383198244, 1.8666347630761384, 1.6283072425784317, 1.5939142385596816, 1.5275593868705701, 0.5713652678280785, 1.578632463719388, 0.1606669506482945, 1.7623013468581825, 1.7323939734351246]
[0.6422669456291143, 1.5820821920221362, 1.144257120430726, 1.5146061679633764, 1.8666347630761384, 0.8877610262682276, 1.3446074725546286, 1.5581447308771517, 0.23347129019243873, 0.06424377271466941, 1.727047414047409, 0.3147815475172371, 0.4295287244263424, 0.1871076613335183]
[0.7233384177229021, 1.880185472856609, 0.8894131535921579, 0.9992712370696397, 1.6283072425784317, 1.3446074725546286, 0.47693430487188215, 0.43211429193013084, 1.402375421308326, 1.9095572565299759, 0.010033427557095242, 1.7544337641150465, 1.9709673109575423, 0.6993488616540915]
[0.341741956140444, 1.0529567614224362, 0.9583811732258942, 1.2599232234719322, 1.5939142385596816, 1.5581447308771517, 0.43211429193013084, 1.1268000777209028, 0.07445298435671321, 1.2163092146870054, 1.5957340956046693, 1.9190097977308835, 1.6202130704291107, 0.7880715759466592]
[1.753052649500598, 0.4200054182141406, 0.6491871111091034, 0.8847026343932194, 1.5275593868705701, 0.23347129019243873, 1.402375421308326, 0.07445298435671321, 1.4876424720380945, 1.0672180044558468, 0.9311281894945533, 1.7805786703509867, 0.7273657304604229, 1.0738298370884578]
[0.9692969613718136, 0.36314081979398294, 0.04914496354167652, 1.8420588237219002, 0.5713652678280785, 0.06424377271466941, 1.9095572565299759, 1.2163092146870054, 1.0672180044558468, 1.6417867705358382, 0.565993534420048, 0.7697465738331621, 0.34365394309729536, 1.2557527159445387]
[0.184668729004692, 0.2584708715531019, 1.7725830814272312, 0.6997621763665176, 1.578632463719388, 1.727047414047409, 0.010033427557095242, 1.5957340956046693, 0.9311281894945533, 0.565993534420048, 1.2276239758762066, 0.30708781253978157, 0.45773082296445144, 0.3336088218360487]
[1.9662166657317277, 0.5968874609455306, 1.4154829362627201, 0.4959272378981425, 0.1606669506482945, 0.3147815475172371, 1.7544337641150465, 1.9190097977308835, 1.7805786703509867, 0.7697465738331621, 0.30708781253978157, 1.326667150245837, 0.9147828663253321, 0.7180311878919661]
[0.20013686010112464, 0.5351233624483911, 0.4551518632068212, 1.5512650499197334, 1.7623013468581825, 0.4295287244263424, 1.9709673109575423, 1.6202130704291107, 0.7273657304604229, 0.34365394309729536, 0.45773082296445144, 0.9147828663253321, 1.7476315075701054, 1.5076122475518585]
[0.6975489947120348, 0.33821728374203386, 1.610603473155036, 0.5155710690953523, 1.7323939734351246, 0.1871076613335183, 0.6993488616540915, 0.7880715759466592, 1.0738298370884578, 1.2557527159445387, 0.3336088218360487, 0.7180311878919661, 1.5076122475518585, 0.45801406780667264]

TPG
[(4, 5), (5, 6), (1, 6), (4, 7), (6, 7), (2, 3), (2, 7), (5, 7), (2, 4), (3, 4)]
