1 8.0 [6, 7]
2 8.0 [3, 5, 7]
3 8.0 [2, 3]
4 3.0 [3, 6, 7]
5 17.0 [2, 3, 7]
6 20.0 [1, 2]
7 10.0 [2, 3]
8 9.0 [1, 6, 7]
(1, 7)
(3, 4)
(2, 5)
(4, 5)
(1, 6)
(3, 5)
(2, 6)
1 9465.0 [1, 2, 3, 4, 5, 6, 7]
2 9475.0 [1, 2, 3, 4, 5, 7]
3 11501.0 [1, 2, 3, 4, 5, 6, 7]
4 9769.0 [2, 3, 4, 5, 6, 7]
5 10749.0 [1, 2, 3, 4, 5, 6, 7]
6 10288.0 [1, 2, 3, 4, 5, 7]
7 8571.0 [1, 2, 3, 4, 5, 7]
8 10903.0 [1, 2, 3, 4, 5, 6, 7]
9 11037.0 [2, 3, 4, 5, 6, 7]
10 9828.0 [1, 2, 3, 4, 5, 6, 7]
0.5020962530482735 0.009698538926439392
0.5379877450820532 0.009777898725743707
0.5379877450820532 0.009785454928237068
0.5379877450820532 0.009785738520597262
0.5379877450820532 0.009790965368550713
0.5379877450820532 0.00979342446084894
0.5379877450820532 0.009795181907041284
0.5379877450820532 0.009799602651786445
0.5379877450820532 0.009799602651786445
0.5379877450820532 0.009799602651786445
0.5379877450820532 0.009799602651786445
0.5379877450820532 0.4187994266679843
0.5379877450820532 0.4187994266679843
0.5379877450820532 0.4187994266679843
0.5379877450820532 0.41937695172309825
0.5379877450820532 0.41937695172309825
0.5379877450820532 0.41937695172309825
0.5379877450820532 0.41937695172309825
0.5379877450820532 0.41937695172309825
0.5379877450820532 0.45625955263370016
0.5379877450820532 0.4617233348353245
0.5379877450820532 0.4617233348353245
0.5379877450820532 0.4617233348353245
0.5379877450820532 0.47431549586083854
0.5379877450820532 0.47431549586083854
0.5379877450820532 0.47431549586083854
0.5379877450820532 0.47431549586083854
0.5379877450820532 0.47431549586083854
0.5379877450820532 0.47431549586083854
0.5379877450820532 0.4745410797384235
0.5379877450820532 0.4745410797384235
0.5379877450820532 0.4745410797384235
0.5379877450820532 0.4745410797384235
0.5379877450820532 0.4745410797384235
0.5379877450820532 0.4745410797384235
0.5379877450820532 0.4745410797384235
0.5379877450820532 0.4756234522099022
0.5379877450820532 0.4756234522099022
0.5379877450820532 0.4761842408873572
0.5379877450820532 0.4761842408873572
0.5379877450820532 0.4761842408873572
0.5379877450820532 0.4925214655925303
0.5379877450820532 0.4988480468539726
0.5379877450820532 0.4988480468539726
0.5379877450820532 0.4988480468539726
0.5379877450820532 0.4988480468539726
0.5379877450820532 0.4988480468539726
0.5379877450820532 0.4988480468539726
0.5379877450820532 0.4988480468539726
0.5379877450820532 0.4988480468539726
0.5379877450820532 0.4988480468539726
0.5379877450820532 0.4988480468539726
0.5379877450820532 0.4988480468539726
0.5379877450820532 0.4988480468539726
0.5379877450820532 0.4988480468539726
0.5379877450820532 0.4988480468539726
0.5379877450820532 0.4988480468539726
0.5379877450820532 0.4988480468539726
0.5379877450820532 0.4988480468539726
0.5379877450820532 0.4988480468539726
0.5379877450820532 0.4988480468539726
0.5379877450820532 0.4988480468539726
0.5379877450820532 0.4988480468539726
0.5379877450820532 0.4988480468539726
0.5379877450820532 0.4988480468539726
0.5379877450820532 0.4988480468539726
0.5379877450820532 0.4988480468539726
0.5379877450820532 0.4988480468539726
0.5379877450820532 0.4988480468539726
0.5379877450820532 0.4988480468539726
0.5379877450820532 0.4988480468539726
0.5379877450820532 0.4988480468539726
0.5379877450820532 0.4988480468539726
0.5379877450820532 0.4988480468539726
0.5379877450820532 0.4988480468539726
0.5379877450820532 0.4988480468539726
0.5379877450820532 0.4988480468539726
0.5379877450820532 0.5020962530482735
0.5379877450820532 0.5020962530482735
0.5379877450820532 0.5020962530482735
0.5379877450820532 0.5020962530482735
0.5379877450820532 0.5020962530482735
0.5379877450820532 0.5020962530482735
0.5379877450820532 0.5020962530482735
0.5379877450820532 0.5020962530482735
0.5379877450820532 0.5020962530482735
0.5379877450820532 0.5021678949574052
0.5379877450820532 0.5021678949574052
0.5379877450820532 0.5022104750621612
0.5379877450820532 0.5022104750621612
0.5379877450820532 0.5022104750621612
0.5379877450820532 0.5022104750621612
0.5379877450820532 0.5022104750621612
0.5450998201851208 0.5022104750621612
0.5450998201851208 0.5022104750621612
0.5450998201851208 0.5022104750621612
0.5450998201851208 0.5022104750621612
0.5450998201851208 0.5022104750621612
0.5450998201851208 0.5022104750621612
0.5450998201851208 0.5038751590736708
Final fitness: 0.5450998201851208
[0.29616659434413717, 0.3905540105384767, 0.015023602728488183, 0.3, 0.5463293690260571, 0.3354483903048136, 0.19901970466179056, 0.41519332917690455, 0.5260483908535151, 0.2720614088577349, 0.0009203333112771522, 0.0, 0.2, 0.7762383405542403, 0.0020765601694154034, 0.4883543273599728, 0.4741047924256194, 0.10043105450567524, 0.4000321963626269, 0.07303176090428759, 0.11205641604176379, 0.2, 0.06761623848813081, 0.5054169888945714, 0.1902165739889733, 0.5, 0.20589195690829137, 0.13866633938911865, 0.013005769804627254, 0.00897309916523173, 0.3193941304265117, 0.0915060590593644, 0.1, 0.5020789403725916, 0.20797911300869149, 0.1998084522419648, 0.41153843572950227, 0.2761693836627844, 0.19975021367161389, 0.3931223991360549, 0.2135661799056003, 0.3997480352359084, 0.303938168632152, 0.20000605030629337, 0.2038377055843581, 0.4012880052581344, 0.14124718209059378, 0.43970674658937725, 0.4938132887315218, 0.4063499107707935, 0.4786742020696395, 0.40820983660502386, 0.41300632833391543, 0.29415244280596214, 0.033562669845255175, 0.08169077129435329, 0.5218717373481987, 0.1, 0.1993628500203485, 0.47730609571992194, 0.19996621980421142, 0.16517266442572187, 0.28776178667669994, 0.0047709695385202144, 0.0016430947943519014, 0.002527683710988854, 0.5, 0.1019891503805518, 0.4996592825801354, 0.5405042432434454, 0.20737361586338285, 0.3926384251908502, 0.2, 0.5140416798937606, 0.21200862044825056, 0.10291607998112048, 0.1405886448549521, 0.49362202100463104, 0.6271393698518143, 0.21732645354426744]
