1 8.0 [6, 7]
2 8.0 [3, 5, 7]
3 8.0 [2, 3]
4 3.0 [3, 6, 7]
5 17.0 [2, 3, 7]
6 20.0 [1, 2]
7 10.0 [2, 3]
8 9.0 [1, 6, 7]
(1, 7)
(3, 4)
(2, 5)
(4, 5)
(1, 6)
(3, 5)
(2, 6)
1 9465.0 [1, 2, 3, 4, 5, 6, 7]
2 9475.0 [1, 2, 3, 4, 5, 7]
3 11501.0 [1, 2, 3, 4, 5, 6, 7]
4 9769.0 [2, 3, 4, 5, 6, 7]
5 10749.0 [1, 2, 3, 4, 5, 6, 7]
6 10288.0 [1, 2, 3, 4, 5, 7]
7 8571.0 [1, 2, 3, 4, 5, 7]
8 10903.0 [1, 2, 3, 4, 5, 6, 7]
9 11037.0 [2, 3, 4, 5, 6, 7]
10 9828.0 [1, 2, 3, 4, 5, 6, 7]
0.009779657094720982 0.009637907205285783
0.4380023707448691 0.009779194660208995
0.4380023707448691 0.009781869538439214
0.4380023707448691 0.00978191832118083
0.4380023707448691 0.009783776175814
0.4380023707448691 0.009783776175814
0.4415474063802807 0.009783802665514893
0.4688970764543298 0.009788015552643747
0.516819354745437 0.009789009597250476
0.516819354745437 0.009789009597250476
0.516819354745437 0.00979737219972202
0.516819354745437 0.00979737219972202
0.516819354745437 0.009802451881447403
0.516819354745437 0.009802451881447403
0.5251632010997287 0.37624791466277485
0.5251632010997287 0.37624791466277485
0.5251632010997287 0.37624791466277485
0.5251632010997287 0.37624791466277485
0.5251632010997287 0.4415474063802807
0.5251632010997287 0.47664703317408696
0.5251632010997287 0.47664703317408696
0.5251632010997287 0.47664703317408696
0.5251632010997287 0.47664703317408696
0.5251632010997287 0.47664703317408696
0.5251632010997287 0.47664703317408696
0.5251632010997287 0.47664703317408696
0.5251632010997287 0.47664703317408696
0.5251632010997287 0.47664703317408696
0.5251632010997287 0.47664703317408696
0.5251632010997287 0.4777986873240597
0.5280573611377557 0.47873668532581687
0.5280573611377557 0.47873668532581687
0.5280573611377557 0.47873668532581687
0.5280573611377557 0.47873668532581687
0.5280573611377557 0.47873668532581687
0.5280573611377557 0.47873668532581687
0.5280573611377557 0.47873668532581687
0.5398544301391192 0.496965935243303
0.5398544301391192 0.496965935243303
0.6153619216595423 0.5064560529286558
0.6153619216595423 0.5064560529286558
0.6153619216595423 0.5064560529286558
0.6153619216595423 0.5064560529286558
0.6153619216595423 0.5064560529286558
0.6153619216595423 0.5064560529286558
0.6153619216595423 0.5064560529286558
0.6153619216595423 0.5064560529286558
0.6153619216595423 0.5125528945247578
0.6153619216595423 0.5125528945247578
0.6153619216595423 0.5125528945247578
0.6153619216595423 0.5125528945247578
0.6153619216595423 0.5125528945247578
0.6153619216595423 0.5125528945247578
0.6153619216595423 0.5125528945247578
0.6153619216595423 0.5125528945247578
0.6153619216595423 0.5125528945247578
0.6153619216595423 0.5125528945247578
0.6153619216595423 0.5125528945247578
0.6153619216595423 0.5125528945247578
0.6153619216595423 0.5125528945247578
0.6153619216595423 0.5125528945247578
0.6153619216595423 0.5125528945247578
0.6153619216595423 0.5125528945247578
0.6153619216595423 0.5125528945247578
0.6153619216595423 0.5125528945247578
0.6153619216595423 0.5125528945247578
0.6153619216595423 0.5125528945247578
0.6153619216595423 0.5251632010997287
0.6153619216595423 0.5251632010997287
0.6153619216595423 0.5251632010997287
0.6153619216595423 0.5251632010997287
0.6153619216595423 0.5251632010997287
0.6153619216595423 0.5251632010997287
0.6153619216595423 0.5251632010997287
0.6153619216595423 0.5251632010997287
0.6153619216595423 0.5251632010997287
0.6153619216595423 0.5251632010997287
0.6153619216595423 0.5251632010997287
0.6153619216595423 0.5251632010997287
0.6153619216595423 0.5251632010997287
0.6153619216595423 0.5251632010997287
0.6153619216595423 0.5251632010997287
0.6153619216595423 0.5251632010997287
0.6153619216595423 0.5251632010997287
0.6153619216595423 0.5251632010997287
0.6153619216595423 0.5251632010997287
0.6153619216595423 0.5251632010997287
0.6153619216595423 0.5251632010997287
0.6153619216595423 0.5251632010997287
0.6153619216595423 0.5251632010997287
0.6153619216595423 0.5251632010997287
0.6153619216595423 0.5251632010997287
0.6153619216595423 0.5251632010997287
0.6153619216595423 0.5251632010997287
0.6153619216595423 0.5251632010997287
0.6153619216595423 0.5251632010997287
0.6153619216595423 0.5251632010997287
0.6153619216595423 0.5251632010997287
0.6153619216595423 0.5251632010997287
0.6153619216595423 0.5251632010997287
Final fitness: 0.6153619216595423
[0.1, 0.2, 0.1, 0.4, 0.2, 0.0, 0.1, 0.1, 0.4, 0.0, 0.1, 0.5, 0.2, 0.5, 0.5, 0.2, 0.5, 0.4, 0.0, 0.0, 0.4, 0.5, 0.5, 0.5, 0.3, 0.3, 0.1, 0.4, 0.4, 0.2, 0.2, 0.2, 0.4, 0.5, 0.0, 0.0, 0.1, 0.3, 0.1, 0.1, 0.3, 0.3, 0.2, 0.2, 0.3, 0.1, 0.1, 0.1, 0.2, 0.0, 0.3, 0.2, 0.0, 0.1, 0.5, 0.5, 0.3, 0.5, 0.5, 0.1, 0.0, 0.3, 0.2, 0.5, 0.4, 0.2, 0.1, 0.1, 0.2, 0.5, 0.2, 0.1, 0.0, 0.5, 0.2, 0.1, 0.4, 0.0, 0.3, 0.3]
