1 12.0 [2, 6, 8]
2 1.0 [3, 9]
3 9.0 [2, 3, 6]
4 14.0 [2, 4]
5 8.0 [2, 6, 8]
6 6.0 [1, 2, 9]
7 7.0 [4, 7, 8]
(4, 5)
(5, 6)
(1, 6)
(4, 7)
(6, 7)
(2, 3)
(2, 7)
(5, 7)
(2, 4)
(3, 4)
1 10152.0 [1, 3, 5, 6, 7, 8]
2 11469.0 [1, 4, 5, 6, 8, 9]
3 8586.0 [1, 2, 4, 5, 6, 7, 9]
4 10173.0 [1, 2, 4, 6, 7, 8, 9]
5 9545.0 [1, 2, 4, 6, 8, 9]
6 9075.0 [1, 2, 3, 5, 6, 8, 9]
7 10225.0 [2, 3, 4, 5, 7, 8]
8 8976.0 [1, 2, 3, 4, 7, 8]
9 10114.0 [1, 2, 4, 5, 6, 7, 8]
10 8520.0 [1, 2, 3, 5, 8, 9]
11 9423.0 [1, 2, 3, 5, 6, 8, 9]
12 10032.0 [1, 2, 4, 5, 7, 9]
13 10196.0 [1, 3, 4, 6, 7, 8]
14 11377.0 [1, 2, 3, 5, 6, 8]
0.5058288184440968 0.4351354892293891
0.5178885155521388 0.5015606702906529
0.5178885155521388 0.5040034102659207
0.5178885155521388 0.5041357068118821
0.5178885155521388 0.5045857377258627
0.5178885155521388 0.5046523801853248
0.5178885155521388 0.5047773424963284
0.5178885155521388 0.5068843818980696
0.5178885155521388 0.5068843818980696
0.5210476648678614 0.5072115902441032
0.5210476648678614 0.5072115902441032
0.5270547849604994 0.508313172000823
0.5270547849604994 0.5093995688128259
0.5270547849604994 0.5096349336616879
0.5270547849604994 0.5098276563423265
0.5270547849604994 0.5098276563423265
0.5270547849604994 0.5098358950644328
0.5270547849604994 0.509957881984472
0.5270547849604994 0.509957881984472
0.5270547849604994 0.509957881984472
0.5270547849604994 0.5101437106886004
0.5270547849604994 0.5118919555426903
0.5270547849604994 0.5118919555426903
0.5270547849604994 0.5118919555426903
0.5270547849604994 0.5121400362518979
0.5270547849604994 0.5136436234611718
0.5270547849604994 0.5136436234611718
0.5270547849604994 0.5136436234611718
0.5270547849604994 0.5138960120080737
0.5270547849604994 0.5138960120080737
0.5270547849604994 0.5138960120080737
0.5270547849604994 0.5138960120080737
0.5270547849604994 0.5138960120080737
0.5270547849604994 0.5141015691370451
0.5270547849604994 0.5141015691370451
0.5270547849604994 0.5141015691370451
0.5270547849604994 0.5141015691370451
0.5270547849604994 0.5141015691370451
0.5270547849604994 0.5145768317293675
0.5270547849604994 0.5145768317293675
0.5270547849604994 0.5147310799498884
0.5270547849604994 0.5147310799498884
0.5270547849604994 0.5147310799498884
0.5270547849604994 0.5147310799498884
0.5270547849604994 0.5147310799498884
0.5270547849604994 0.5147310799498884
0.5270547849604994 0.5147310799498884
0.5270547849604994 0.5147310799498884
0.5270547849604994 0.5147310799498884
0.5270547849604994 0.5147310799498884
0.5270547849604994 0.5147310799498884
0.5270547849604994 0.5147543113128754
0.5270547849604994 0.5147543113128754
0.5270547849604994 0.5147543113128754
0.5270547849604994 0.5147543113128754
0.5270547849604994 0.5157638787590788
0.5270547849604994 0.5157682303136719
0.5270547849604994 0.5157682303136719
0.5270547849604994 0.51590784746954
0.5270547849604994 0.51590784746954
0.5270547849604994 0.5160182431952313
0.5270547849604994 0.5160182431952313
0.5270547849604994 0.5160182431952313
0.5270547849604994 0.5160182431952313
0.5270547849604994 0.5160182431952313
0.5270547849604994 0.5160182431952313
0.5270547849604994 0.5160182431952313
0.5270547849604994 0.5160182431952313
0.5270547849604994 0.5160182431952313
0.5270547849604994 0.5160182431952313
0.5270547849604994 0.5162709049543269
0.5270547849604994 0.5162709049543269
0.5270547849604994 0.5162709049543269
0.5270547849604994 0.5165621111340298
0.5270547849604994 0.5165621111340298
0.5270547849604994 0.5165621111340298
0.5270547849604994 0.5165621111340298
0.5270547849604994 0.5165621111340298
0.5270547849604994 0.5165621111340298
0.5270547849604994 0.5165621111340298
0.5270547849604994 0.5165621111340298
0.5270547849604994 0.5165621111340298
0.5270547849604994 0.5165621111340298
0.5270547849604994 0.5165621111340298
0.5270547849604994 0.5166743968045063
0.5270547849604994 0.5166743968045063
0.5270547849604994 0.5166743968045063
0.5270547849604994 0.5166743968045063
0.5270547849604994 0.5166743968045063
0.5270547849604994 0.5166743968045063
0.5270547849604994 0.5166743968045063
0.5270547849604994 0.5166743968045063
0.5270547849604994 0.5166743968045063
0.5270547849604994 0.5166743968045063
0.5270547849604994 0.5166743968045063
0.5270547849604994 0.5167828117186494
0.5270547849604994 0.5171401149862815
0.5270547849604994 0.5171494564101242
0.5270547849604994 0.5171494564101242
0.5270547849604994 0.5171494564101242
Final fitness: 0.5270547849604994
[0.29641963984434416, 0.2048380302919211, 0.03224190526027415, 0.5303269823851424, 0.2953957852696219, 0.4313232594414003, 0.010695745140822608, 0.49883149690631173, 0.40507008270134665, 0.11714658219910448, 0.19924607760879615, 0.4616000626661583, 0.0478830888175063, 0.5584080731638018, 0.45197065700914585, 0.07428750103210413, 0.10840485621645979, 0.3335778587566017, 0.392514986047764, 0.4332293337340547, 0.3845264148390896, 0.07277874390593847, 0.0030892146724221525, 0.3898521157939532, 0.00020835292236121776, 0.25192811936425463, 0.430663843165514, 0.5286164606776088, 0.05751469502542228, 0.01226846896148645, 0.05838510020601051, 0.20021266772883414, 0.006097983642359847, 0.10038835399980775, 0.5593077188392629, 0.30538680824450876, 0.08444315925481903, 0.09932422837421917, 0.48949911343049335, 0.29564000167759014, 0.5027219800264887, 0.4002886588716827, 0.13983190751778599, 0.039440374834915554, 0.21677779576698283, 0.399990885479645, 0.10948425406221987, 0.17822409676439743, 0.3063116988101242, 0.5125890336918174, 0.025802519587422607, 0.5155784991110037, 0.19024820195842956, 0.4863601242536062, 0.40239292419161476, 0.2086047922633962, 0.40237034121204995, 0.3702405675672418, 0.39824305821971573, 0.4023185138259785, 0.08362271219074596, 0.32212290523208686, 0.016351716700074855, 0.30709307453043155, 0.4334684932707512, 0.09129326063015947, 0.5290387743038334, 0.0776601136618897, 0.020531736132217412, 0.30092271357102474, 0.37713340334970225, 0.28618181854354163, 0.2116592193706504, 0.3119770159088543, 0.005049323590615606, 0.20174479226667916, 0.5039331765453888, 0.015373924664906363, 0.195723754569585, 0.386469618464658, 0.1100516457890137, 0.2011522447321085, 0.2052095134075748, 0.2007997017941586, 0.15180337883909276, 0.001248838172045269, 0.07079244619299621, 0.07124930663631986, 0.05039034895998551, 0.004193781007349906, 0.19526702904911275, 0.2716240788368412, 0.10531512758341191, 0.10237234744664032, 0.5198683501497355, 0.1890401005143788, 0.40011080789383596, 0.20896081421091411]
