1 5.0 [3, 4, 5]
2 2.0 [1, 3, 4]
3 17.0 [2, 5, 7]
4 7.0 [2, 3]
5 11.0 [2, 4]
(3, 4)
(2, 3)
(3, 5)
(2, 4)
(1, 5)
(4, 5)
(1, 4)
(1, 3)
(2, 5)
(1, 2)
1 11877.0 [1, 2, 3, 4, 5, 7]
2 12108.0 [1, 2, 3, 4, 5, 6, 7]
3 7911.0 [1, 2, 3, 5, 6, 7]
4 10369.0 [1, 2, 3, 4, 5, 6]
5 10218.0 [1, 2, 3, 4, 5, 6, 7]
6 10271.0 [1, 3, 4, 5, 6, 7]
7 9590.0 [1, 2, 4, 5, 6, 7]
8 10961.0 [1, 2, 3, 4, 5, 6, 7]
9 9920.0 [1, 2, 3, 4, 5, 6, 7]
10 9784.0 [1, 2, 3, 4, 5, 6, 7]
11 11074.0 [1, 2, 3, 4, 5, 6, 7]
12 10465.0 [1, 2, 3, 4, 5, 6, 7]
13 9808.0 [1, 2, 3, 4, 5, 6, 7]
1.3072989903753678 0.9675729168188594
1.4698886840338237 1.3353544521187999
1.4698886840338237 1.3353544521187999
1.4698886840338237 1.3386118384447612
1.4698886840338237 1.3386118384447612
1.4698886840338237 1.3386118384447612
1.4698886840338237 1.3409489097481455
1.4698886840338237 1.3481359639182051
1.4698886840338237 1.3481359639182051
1.4698886840338237 1.3481359639182051
1.4698886840338237 1.3481359639182051
1.4698886840338237 1.3481359639182051
1.4698886840338237 1.3543277685589918
1.4698886840338237 1.3543277685589918
1.4698886840338237 1.3543277685589918
1.4698886840338237 1.3559908388414812
1.4698886840338237 1.3633851041630103
1.4698886840338237 1.3633851041630103
1.4698886840338237 1.3633851041630103
1.4698886840338237 1.3758195421332364
1.4698886840338237 1.3758195421332364
1.4698886840338237 1.3758195421332364
1.4698886840338237 1.3758195421332364
1.4698886840338237 1.378548528903739
1.4814846915193696 1.3867271568435717
1.4814846915193696 1.3875887524805852
1.4814846915193696 1.3875887524805852
1.5049194882884314 1.3885408335000795
1.5049194882884314 1.3885408335000795
1.5049194882884314 1.3893153229177857
1.5049194882884314 1.3920000355798186
1.5049194882884314 1.3920000355798186
1.5049194882884314 1.3920000355798186
1.5049194882884314 1.3920000355798186
1.5049194882884314 1.3920000355798186
1.5049194882884314 1.3920000355798186
1.5049194882884314 1.3927138169124984
1.5049194882884314 1.3927138169124984
1.5049194882884314 1.3927138169124984
1.5049194882884314 1.3927138169124984
1.5049194882884314 1.3927138169124984
1.5049194882884314 1.3927138169124984
1.5049194882884314 1.3927138169124984
1.5049194882884314 1.3947376533001703
1.5049194882884314 1.3947376533001703
1.5049194882884314 1.3947376533001703
1.5049194882884314 1.3947376533001703
1.5049194882884314 1.3947376533001703
1.5049194882884314 1.3947376533001703
1.5049194882884314 1.3947376533001703
1.5049194882884314 1.3970318366882626
1.5049194882884314 1.3977384987389723
1.5049194882884314 1.3977384987389723
1.5049194882884314 1.3977384987389723
1.5049194882884314 1.3977384987389723
1.5049194882884314 1.3977384987389723
1.5049194882884314 1.3977384987389723
1.5049194882884314 1.3977384987389723
1.5049194882884314 1.3977384987389723
1.5049194882884314 1.3977384987389723
1.5049194882884314 1.3977384987389723
1.5049194882884314 1.3985665096985138
1.5049194882884314 1.4037769001199694
1.5049194882884314 1.4037769001199694
1.5049194882884314 1.4037769001199694
1.5049194882884314 1.4092310280561544
1.5049194882884314 1.4116348152197633
1.5049194882884314 1.4116348152197633
1.5049194882884314 1.4116348152197633
1.5049194882884314 1.4116348152197633
1.5049194882884314 1.4116348152197633
1.5049194882884314 1.4116348152197633
1.5049194882884314 1.4116348152197633
1.5049194882884314 1.4116348152197633
1.5049194882884314 1.4116348152197633
1.5049194882884314 1.4203279103978268
1.5049194882884314 1.4203279103978268
1.5049194882884314 1.4203279103978268
1.5049194882884314 1.4203279103978268
1.5049194882884314 1.4203279103978268
1.5049194882884314 1.425154452616152
1.5049194882884314 1.4286338500645899
1.5049194882884314 1.4286338500645899
1.5049194882884314 1.4286338500645899
1.5049194882884314 1.4286338500645899
1.5049194882884314 1.4286338500645899
1.5049194882884314 1.4319147612781435
1.5049194882884314 1.4319147612781435
1.5049194882884314 1.4319147612781435
1.5049194882884314 1.4319147612781435
1.5049194882884314 1.4319147612781435
1.5049194882884314 1.4319147612781435
1.5049194882884314 1.4319147612781435
1.5049194882884314 1.4319147612781435
1.5049194882884314 1.4319147612781435
1.5049194882884314 1.4319147612781435
1.5049194882884314 1.4319147612781435
1.5049194882884314 1.4319147612781435
1.5049194882884314 1.4319147612781435
1.5049194882884314 1.4319147612781435
Final fitness: 1.5049194882884314
[0.03382932552702558, 0.1, 0.46349511821828426, 0.4155670769681692, 0.1990140025912187, 0.2792424813468302, 0.3003843644143583, 0.08543386419798196, 0.49527849999935947, 0.33221274723698546, 0.4964346000278263, 0.4, 0.29156255627551975, 0.3, 0.4943412569617131, 0.037741054619422704, 0.40341113704543113, 0.31412165824071614, 0.5048676966635844, 0.09231053801987274, 0.1, 0.2938252699467539, 0.01482715254093861, 0.0, 0.31087289168856636, 0.2001411056290141, 0.5904468306800295, 0.0, 0.20371532376260384, 0.010345721180549966, 0.2000569006489677, 0.12747336422537883, 0.09574565652247627, 0.5094988622684826, 0.2517465598957661, 0.0025060003978116807, 0.016091562101585064, 0.48463518577908754, 0.0015290299834488374, 0.39920931706483226, 0.3093663346564134, 0.3205082161500199, 0.4, 0.3359581596457497, 0.22375453882386845, 0.29892374220714923, 0.03408290487083152, 0.2941438386248816, 0.21415582891989565, 0.08868235677881144, 0.00726165892759266, 0.28996595160865346, 0.4759596206229524, 0.2, 0.09976313795549653, 0.004517159239030913, 0.49657110760616463, 0.18051772602235835, 0.0025338240945223314, 0.3983768677739888, 0.3491960703883253, 0.46725690586711566, 0.19041526782395224, 0.2, 0.5163160936561673]
