1 12.0 [2, 6, 8]
2 1.0 [3, 9]
3 9.0 [2, 3, 6]
4 14.0 [2, 4]
5 8.0 [2, 6, 8]
6 6.0 [1, 2, 9]
7 7.0 [4, 7, 8]
(4, 5)
(5, 6)
(1, 6)
(4, 7)
(6, 7)
(2, 3)
(2, 7)
(5, 7)
(2, 4)
(3, 4)
1 10152.0 [1, 3, 5, 6, 7, 8]
2 11469.0 [1, 4, 5, 6, 8, 9]
3 8586.0 [1, 2, 4, 5, 6, 7, 9]
4 10173.0 [1, 2, 4, 6, 7, 8, 9]
5 9545.0 [1, 2, 4, 6, 8, 9]
6 9075.0 [1, 2, 3, 5, 6, 8, 9]
7 10225.0 [2, 3, 4, 5, 7, 8]
8 8976.0 [1, 2, 3, 4, 7, 8]
9 10114.0 [1, 2, 4, 5, 6, 7, 8]
10 8520.0 [1, 2, 3, 5, 8, 9]
11 9423.0 [1, 2, 3, 5, 6, 8, 9]
12 10032.0 [1, 2, 4, 5, 7, 9]
13 10196.0 [1, 3, 4, 6, 7, 8]
14 11377.0 [1, 2, 3, 5, 6, 8]
0.5043490552792681 0.42067779361636926
0.5253434748694915 0.5068958308128875
0.5253434748694915 0.5071768970000716
0.5253434748694915 0.5078549273024877
0.5253434748694915 0.5082414167676662
0.5253434748694915 0.5084475357394651
0.5253434748694915 0.5084475357394651
0.5253434748694915 0.5084475357394651
0.5253434748694915 0.5086154164296756
0.5253434748694915 0.5086154164296756
0.5253434748694915 0.5086638035265939
0.5253434748694915 0.5089150922258362
0.5253434748694915 0.5089150922258362
0.5253434748694915 0.5089150922258362
0.5253434748694915 0.5089150922258362
0.5253434748694915 0.5089150922258362
0.5253434748694915 0.5089150922258362
0.5253434748694915 0.5089150922258362
0.5253434748694915 0.5089150922258362
0.5253434748694915 0.5096847009884933
0.5253434748694915 0.5096847009884933
0.5253434748694915 0.5098180665489934
0.5253434748694915 0.5098180665489934
0.5253434748694915 0.5109058049907268
0.5253434748694915 0.5109058049907268
0.5253434748694915 0.5109058049907268
0.5253434748694915 0.5114637426151756
0.5253434748694915 0.5117166835495456
0.5253434748694915 0.5125336569664022
0.5253434748694915 0.5125336569664022
0.5253434748694915 0.5125336569664022
0.5253434748694915 0.5125336569664022
0.5253434748694915 0.5125336569664022
0.5253434748694915 0.512813350366416
0.5253434748694915 0.5138332671254165
0.5253434748694915 0.5146116547887689
0.5253434748694915 0.5146116547887689
0.5253434748694915 0.5146116547887689
0.5253434748694915 0.5146116547887689
0.5253434748694915 0.5146116547887689
0.5253434748694915 0.5146116547887689
0.5253434748694915 0.5146116547887689
0.5253434748694915 0.5146198680779044
0.5253434748694915 0.5146198680779044
0.5253434748694915 0.5146198680779044
0.5253434748694915 0.5146198680779044
0.5253434748694915 0.5146198680779044
0.5253434748694915 0.5146198680779044
0.5253434748694915 0.5146198680779044
0.5253434748694915 0.5149335633350942
0.5253434748694915 0.5149335633350942
0.5253434748694915 0.5149335633350942
0.5253434748694915 0.5149335633350942
0.5253434748694915 0.5149981599026446
0.5253434748694915 0.5155407925962535
0.5253434748694915 0.5155407925962535
0.5253434748694915 0.5155407925962535
0.5253434748694915 0.5155407925962535
0.5253434748694915 0.5155407925962535
0.5253434748694915 0.5155407925962535
0.5253434748694915 0.5165097369274276
0.5253434748694915 0.5165097369274276
0.5253434748694915 0.5165097369274276
0.5253434748694915 0.5165097369274276
0.5253434748694915 0.5165163080149512
0.5253434748694915 0.5165163080149512
0.5253434748694915 0.5165163080149512
0.5253434748694915 0.5165163080149512
0.5253434748694915 0.5165163080149512
0.5253434748694915 0.5165163080149512
0.5253434748694915 0.5165163080149512
0.5253434748694915 0.5165163080149512
0.5253434748694915 0.5165163080149512
0.5253434748694915 0.5165163080149512
0.5253434748694915 0.5165163080149512
0.5253434748694915 0.5165163080149512
0.5253434748694915 0.5165163080149512
0.5253434748694915 0.5165163080149512
0.5253434748694915 0.5165163080149512
0.5253434748694915 0.5165163080149512
0.5253434748694915 0.5165163080149512
0.5253434748694915 0.5165163080149512
0.5253434748694915 0.5168736320106828
0.5253434748694915 0.5168736320106828
0.5253434748694915 0.5168736320106828
0.5253434748694915 0.5168736320106828
0.5253434748694915 0.5168736320106828
0.5253434748694915 0.5168736320106828
0.5253434748694915 0.5168736320106828
0.5253434748694915 0.5168736320106828
0.5253434748694915 0.5168736320106828
0.5253434748694915 0.5168736320106828
0.5253434748694915 0.5168736320106828
0.5253434748694915 0.5168736320106828
0.5253434748694915 0.5168736320106828
0.5253434748694915 0.5168736320106828
0.5253434748694915 0.5168736320106828
0.5253434748694915 0.5168736320106828
0.5253434748694915 0.5168736320106828
0.5253434748694915 0.5168736320106828
Final fitness: 0.5253434748694915
[0.02475109343291751, 0.1004675051396578, 0.3997388879966386, 0.2, 0.5274310368357293, 0.45474048117313937, 0.4, 0.18187995015753378, 0.30002048001396125, 0.10086886680982754, 0.20939812517616702, 0.01760962329004545, 0.4, 0.5, 0.49257607279362187, 0.1, 0.3048188145215505, 0.1000196228937627, 0.48888735850827225, 0.010759889871123446, 0.4, 0.5041252410182656, 0.5, 0.1, 0.046277379051907125, 0.378473773653404, 0.29921796056983996, 0.08429466715983844, 0.2166539062044604, 0.14835199143904038, 0.3124289701319935, 0.27994541174524756, 0.29298991431353216, 0.5054057554456713, 0.2012341839307625, 0.09483667630094764, 0.40962732156908216, 0.10098089182030097, 0.118027965147627, 0.1, 0.4358431250940153, 0.07600565189946629, 0.28215939240291105, 0.1355548440065824, 0.4003349497119618, 0.019878908427799574, 0.12143837585105366, 0.5024684522039209, 0.19998744568551186, 0.5, 0.5, 0.5077106204777704, 0.0720318168008276, 0.3679699602651812, 0.2, 0.3, 0.0, 0.4, 0.015114780082626733, 0.10043269260189729, 0.29998766798603876, 0.1972219030277081, 0.3059711762510147, 0.4876365714114587, 0.0, 0.10065269394454518, 0.0, 0.18688116348394748, 0.1007605020017454, 0.4084848240258592, 0.0064055509789503265, 0.320265367278504, 0.009078839857663036, 0.027037751186717418, 0.2989727063555088, 0.12730012780705913, 0.1, 0.3, 0.35641812449142046, 0.2, 0.0008714006670486954, 0.3978594207683363, 0.3185029568681537, 0.09992824979464843, 0.0, 0.46378014948058144, 0.30042980928103546, 0.4695921906580368, 0.19540025158558003, 0.4931869720950044, 0.37396450639103984, 0.2, 0.3597283047708848, 0.2, 0.5, 0.1242614680549863, 0.49187621817280297, 0.21940674392304216]
