1 5.0 [3, 4, 5]
2 2.0 [1, 3, 4]
3 17.0 [2, 5, 7]
4 7.0 [2, 3]
5 11.0 [2, 4]
(3, 4)
(2, 3)
(3, 5)
(2, 4)
(1, 5)
(4, 5)
(1, 4)
(1, 3)
(2, 5)
(1, 2)
1 11877.0 [1, 2, 3, 4, 5, 7]
2 12108.0 [1, 2, 3, 4, 5, 6, 7]
3 7911.0 [1, 2, 3, 5, 6, 7]
4 10369.0 [1, 2, 3, 4, 5, 6]
5 10218.0 [1, 2, 3, 4, 5, 6, 7]
6 10271.0 [1, 3, 4, 5, 6, 7]
7 9590.0 [1, 2, 4, 5, 6, 7]
8 10961.0 [1, 2, 3, 4, 5, 6, 7]
9 9920.0 [1, 2, 3, 4, 5, 6, 7]
10 9784.0 [1, 2, 3, 4, 5, 6, 7]
11 11074.0 [1, 2, 3, 4, 5, 6, 7]
12 10465.0 [1, 2, 3, 4, 5, 6, 7]
13 9808.0 [1, 2, 3, 4, 5, 6, 7]
1.3105356985115693 0.9877679137165012
1.4636872203760458 1.3088779050078845
1.4636872203760458 1.3222290772036687
1.4636872203760458 1.3222290772036687
1.4636872203760458 1.3222290772036687
1.4636872203760458 1.3426993184237404
1.4636872203760458 1.3481498925877051
1.4636872203760458 1.3582208058659937
1.4636872203760458 1.3589692036359675
1.4636872203760458 1.3589692036359675
1.4636872203760458 1.3755790896407145
1.4636872203760458 1.3755790896407145
1.5186535906197274 1.3762997331712026
1.5186535906197274 1.3762997331712026
1.5186535906197274 1.3875298252413568
1.5186535906197274 1.3875298252413568
1.5186535906197274 1.3955368422560472
1.5186535906197274 1.3958471887817
1.5186535906197274 1.3961783580278935
1.5186535906197274 1.3982537861966355
1.5186535906197274 1.3982537861966355
1.5186535906197274 1.3982537861966355
1.5186535906197274 1.3982537861966355
1.5186535906197274 1.3982537861966355
1.5186535906197274 1.3982537861966355
1.5186535906197274 1.3982537861966355
1.5186535906197274 1.3987702405271853
1.5186535906197274 1.3987702405271853
1.5186535906197274 1.3988041780557687
1.5186535906197274 1.3988041780557687
1.5186535906197274 1.4045922689567107
1.5186535906197274 1.4045922689567107
1.5186535906197274 1.4045922689567107
1.5186535906197274 1.4047669156441263
1.5186535906197274 1.4047669156441263
1.5186535906197274 1.4047669156441263
1.5186535906197274 1.4072768780349123
1.5219287363319751 1.407889500188867
1.5219287363319751 1.407889500188867
1.5219287363319751 1.407889500188867
1.544477427175185 1.4246912104424463
1.544477427175185 1.433566633352047
1.544477427175185 1.433566633352047
1.544477427175185 1.433566633352047
1.544477427175185 1.433566633352047
1.544477427175185 1.433566633352047
1.544477427175185 1.433566633352047
1.544477427175185 1.433566633352047
1.544477427175185 1.433566633352047
1.544477427175185 1.433566633352047
1.544477427175185 1.433566633352047
1.544477427175185 1.433566633352047
1.544477427175185 1.433566633352047
1.544477427175185 1.433566633352047
1.544477427175185 1.4437800654937245
1.544477427175185 1.4437800654937245
1.544477427175185 1.4437800654937245
1.544477427175185 1.4437800654937245
1.544477427175185 1.4437800654937245
1.544477427175185 1.4437800654937245
1.544477427175185 1.4437800654937245
1.544477427175185 1.4437800654937245
1.544477427175185 1.4437800654937245
1.544477427175185 1.4437800654937245
1.544477427175185 1.4437800654937245
1.544477427175185 1.4437800654937245
1.544477427175185 1.4437800654937245
1.544477427175185 1.4506403648902142
1.544477427175185 1.4506403648902142
1.544477427175185 1.4506403648902142
1.544477427175185 1.4506403648902142
1.544477427175185 1.4506403648902142
1.544477427175185 1.4506403648902142
1.544477427175185 1.4506403648902142
1.544477427175185 1.4506403648902142
1.544477427175185 1.4506403648902142
1.544477427175185 1.4506403648902142
1.544477427175185 1.4506403648902142
1.544477427175185 1.4506403648902142
1.544477427175185 1.4506403648902142
1.544477427175185 1.4506403648902142
1.544477427175185 1.4506403648902142
1.544477427175185 1.4506403648902142
1.544477427175185 1.4506403648902142
1.544477427175185 1.4506403648902142
1.544477427175185 1.4506403648902142
1.544477427175185 1.4506403648902142
1.544477427175185 1.4506403648902142
1.544477427175185 1.4506403648902142
1.544477427175185 1.4506403648902142
1.544477427175185 1.4506403648902142
1.544477427175185 1.4506403648902142
1.5491206034365246 1.4542267618577847
1.5491206034365246 1.4542267618577847
1.5491206034365246 1.4542267618577847
1.5491206034365246 1.4542267618577847
1.5491206034365246 1.4542267618577847
1.5491206034365246 1.4542267618577847
1.5491206034365246 1.4542267618577847
1.5491206034365246 1.4542267618577847
Final fitness: 1.5491206034365246
[0.09152988846743443, 0.2, 0.01861492072322879, 0.4, 0.09614571862808537, 0.4022325747337203, 0.11040730720848557, 0.5, 0.5, 0.49803191268744657, 0.1989663771234988, 0.2, 0.0012997682470255525, 0.18743468727658105, 0.2947327036013143, 0.4, 0.09164207840389718, 0.2, 0.1, 0.4, 0.005252993430915509, 0.2, 0.1, 0.20811836707181214, 0.0, 0.40627564120134635, 0.014163700800810058, 0.2, 0.0, 0.3, 0.1872714393145941, 0.4, 0.0, 0.3, 0.1, 0.2, 0.5, 0.2, 0.009455096441028488, 0.4, 0.3001185655152513, 0.1302899049336364, 0.5, 0.4, 0.5, 0.4838028478276041, 0.29957581727989857, 0.09480421264345021, 0.4885896986383458, 0.5556188158659329, 0.4001590759076102, 0.4, 0.3, 0.1, 0.3, 0.3, 0.4, 0.0, 0.49445756258220114, 0.40490331406190605, 0.007043597579619948, 0.2, 0.00276459233317454, 0.0, 0.2044118280345688]
