1 8.0 [5, 6]
2 15.0 [1, 5, 7]
3 9.0 [3, 5]
4 10.0 [5, 8]
5 8.0 [2, 5, 7]
6 16.0 [1, 2]
7 6.0 [2, 4, 7]
8 2.0 [1, 5]
(7, 8)
(6, 7)
(2, 6)
(2, 5)
(4, 7)
(2, 7)
(3, 4)
(3, 5)
(1, 8)
(2, 8)
1 9012.0 [1, 2, 3, 5, 6, 7, 8]
2 11902.0 [1, 2, 4, 5, 6, 7, 8]
3 9623.0 [1, 2, 3, 5, 6, 8]
4 8649.0 [1, 2, 3, 5, 7, 8]
5 9590.0 [2, 3, 4, 5, 7, 8]
6 10970.0 [1, 2, 4, 5, 6, 7, 8]
7 9349.0 [1, 2, 3, 4, 5, 6, 8]
8 10353.0 [1, 2, 4, 5, 6, 7, 8]
9 11031.0 [1, 2, 3, 5, 6, 7, 8]
10 10286.0 [1, 2, 3, 4, 5, 6, 8]
11 9974.0 [1, 3, 4, 5, 6, 7, 8]
0.4739053677546185 0.009733283745140923
0.48110323433199925 0.4525781019219546
0.48110323433199925 0.4615028779532967
0.4837873343373457 0.4645467916516735
0.4837873343373457 0.46530981888054157
0.4837873343373457 0.4666350682598651
0.4837873343373457 0.46895300447368427
0.4837873343373457 0.46895300447368427
0.4837873343373457 0.46895300447368427
0.4837873343373457 0.46895300447368427
0.4837873343373457 0.47002403587572567
0.4837873343373457 0.47002403587572567
0.4837873343373457 0.47002403587572567
0.4837873343373457 0.47002403587572567
0.4837873343373457 0.47002403587572567
0.4837873343373457 0.4705715464707969
0.4837873343373457 0.47101243764545886
0.4837873343373457 0.4720554436735082
0.4837873343373457 0.4720554436735082
0.4837873343373457 0.4720554436735082
0.4837873343373457 0.4720554436735082
0.4837873343373457 0.4720554436735082
0.4837873343373457 0.4720554436735082
0.4837873343373457 0.4720554436735082
0.4837873343373457 0.4720554436735082
0.48417840237338766 0.4727199374248555
0.48417840237338766 0.4727199374248555
0.48417840237338766 0.4733637422468645
0.48417840237338766 0.4733637422468645
0.48417840237338766 0.4733637422468645
0.48417840237338766 0.4733637422468645
0.48417840237338766 0.4733637422468645
0.48417840237338766 0.4733637422468645
0.48417840237338766 0.47338062633204386
0.48417840237338766 0.47384117958238336
0.48417840237338766 0.47384117958238336
0.48417840237338766 0.47384117958238336
0.48417840237338766 0.47384117958238336
0.48417840237338766 0.47384117958238336
0.48417840237338766 0.47384117958238336
0.48417840237338766 0.4753334920053718
0.48417840237338766 0.4755550061863956
0.48417840237338766 0.4755550061863956
0.48417840237338766 0.4755550061863956
0.48417840237338766 0.47633787184658444
0.48417840237338766 0.47633787184658444
0.48417840237338766 0.4776988517804461
0.48417840237338766 0.4776988517804461
0.48417840237338766 0.4776988517804461
0.48417840237338766 0.4781862192618415
0.48417840237338766 0.4781862192618415
0.48417840237338766 0.4781862192618415
0.48417840237338766 0.4781862192618415
0.48417840237338766 0.4781862192618415
0.48800960181805003 0.4786354326983689
0.48800960181805003 0.4786354326983689
0.48800960181805003 0.4786354326983689
0.48800960181805003 0.4786354326983689
0.48800960181805003 0.47877747837734147
0.48800960181805003 0.4788230858145983
0.48800960181805003 0.4788230858145983
0.48800960181805003 0.4788230858145983
0.48800960181805003 0.4788230858145983
0.48800960181805003 0.4788230858145983
0.48800960181805003 0.4789397718383433
0.48800960181805003 0.4789397718383433
0.48800960181805003 0.4789397718383433
0.48800960181805003 0.4789397718383433
0.48800960181805003 0.4789397718383433
0.48800960181805003 0.4789397718383433
0.48800960181805003 0.4789397718383433
0.48800960181805003 0.4789397718383433
0.48800960181805003 0.4789397718383433
0.48800960181805003 0.4789397718383433
0.48800960181805003 0.4789397718383433
0.48800960181805003 0.4789397718383433
0.48800960181805003 0.4789397718383433
0.48800960181805003 0.4789397718383433
0.48800960181805003 0.4789397718383433
0.48800960181805003 0.4789397718383433
0.48800960181805003 0.4789397718383433
0.48800960181805003 0.4789397718383433
0.48800960181805003 0.4789397718383433
0.48800960181805003 0.4789397718383433
0.48800960181805003 0.4789397718383433
0.48800960181805003 0.4789397718383433
0.48800960181805003 0.4789397718383433
0.48800960181805003 0.4789397718383433
0.48800960181805003 0.4789397718383433
0.48800960181805003 0.4789397718383433
0.48800960181805003 0.4789397718383433
0.48800960181805003 0.4789397718383433
0.48800960181805003 0.4789397718383433
0.48800960181805003 0.4789397718383433
0.48800960181805003 0.4789397718383433
0.48800960181805003 0.4789397718383433
0.48800960181805003 0.4789397718383433
0.48800960181805003 0.4789397718383433
0.48800960181805003 0.4789397718383433
0.48800960181805003 0.4789397718383433
Final fitness: 0.48800960181805003
[0.18360779449816003, 0.20710234227964536, 0.06372285888764301, 0.4035836414532844, 0.0934887703902104, 0.001991442397329811, 0.2049158461082191, 0.3952505913817903, 0.449486035855285, 0.0191502515797502, 0.30360764135923557, 0.09626102272257592, 0.29582378521839137, 0.2914636633710548, 0.5092607664801094, 0.49336324466272397, 0.30211192930065567, 0.08886586182062697, 0.25596819788145597, 0.09492024715857998, 0.10453389974059815, 0.20039889267934807, 0.19915565825571857, 0.08932405512486306, 0.0056439510850274655, 0.1, 0.22935996159106797, 0.07084010660924811, 0.5219290505079356, 0.28569638766190253, 0.4640946185864269, 0.5474699127007923, 0.30121861214725054, 0.5095109875227697, 0.0002294272787747853, 0.004368192385765121, 0.09816435008279896, 0.49261562111016266, 0.1034119278858786, 0.041551752270277076, 0.22634817022888298, 0.30961853016026186, 0.47792975642957547, 0.00030001475751009754, 0.03790192842722212, 0.3102038633361858, 0.4395949073792742, 0.4481193846877262, 0.17759265451487527, 0.4050067029410261, 0.1861127299418902, 0.0977313606102932, 0.0280589798099133, 0.19554948429428223, 0.20950133528076248, 0.28264943657008157, 0.11630563872209329, 0.5095925394111801, 0.38689500624469864, 0.10021756083285688, 0.29958188445347367, 0.29578720360915955, 0.1, 0.12051258095562543, 0.42054397738870897, 0.31193856636776873, 0.1400263819701308, 0.467837916520866, 0.10105090181361215, 0.0007481956933249184, 0.2727911361974148, 0.3519877509132968, 0.4988106286605578, 0.11682944327636277, 0.015254320230673059, 0.16753646343723527, 0.11083247738826958, 0.3962513404963072, 0.2975944921296382, 0.3107420400678321, 0.40027515926516444, 0.39741603015283705, 0.4364004133684456, 0.10012887969757803, 0.30064626349853923, 0.40369087376748686, 0.010402778703945154, 0.02265694812392055]
