1 12.0 [2, 6, 8]
2 1.0 [3, 9]
3 9.0 [2, 3, 6]
4 14.0 [2, 4]
5 8.0 [2, 6, 8]
6 6.0 [1, 2, 9]
7 7.0 [4, 7, 8]
(4, 5)
(5, 6)
(1, 6)
(4, 7)
(6, 7)
(2, 3)
(2, 7)
(5, 7)
(2, 4)
(3, 4)
1 10152.0 [1, 3, 5, 6, 7, 8]
2 11469.0 [1, 4, 5, 6, 8, 9]
3 8586.0 [1, 2, 4, 5, 6, 7, 9]
4 10173.0 [1, 2, 4, 6, 7, 8, 9]
5 9545.0 [1, 2, 4, 6, 8, 9]
6 9075.0 [1, 2, 3, 5, 6, 8, 9]
7 10225.0 [2, 3, 4, 5, 7, 8]
8 8976.0 [1, 2, 3, 4, 7, 8]
9 10114.0 [1, 2, 4, 5, 6, 7, 8]
10 8520.0 [1, 2, 3, 5, 8, 9]
11 9423.0 [1, 2, 3, 5, 6, 8, 9]
12 10032.0 [1, 2, 4, 5, 7, 9]
13 10196.0 [1, 3, 4, 6, 7, 8]
14 11377.0 [1, 2, 3, 5, 6, 8]
0.5033872442839593 0.4458074926683258
0.5215835280851302 0.5060410197297026
0.5215835280851302 0.507371824274573
0.5215835280851302 0.5089378133382978
0.5215835280851302 0.5100010818164331
0.5215835280851302 0.5106060705903558
0.5215835280851302 0.5106060705903558
0.5215835280851302 0.5106060705903558
0.5215835280851302 0.5106060705903558
0.5215835280851302 0.5109186882075628
0.5215835280851302 0.5109186882075628
0.5215835280851302 0.5109186882075628
0.5215835280851302 0.5114137850255738
0.5215835280851302 0.5114137850255738
0.5215835280851302 0.5114137850255738
0.5215835280851302 0.5114137850255738
0.5215835280851302 0.5114137850255738
0.5215835280851302 0.5114137850255738
0.5215835280851302 0.5114137850255738
0.5215835280851302 0.5114137850255738
0.5215835280851302 0.5116618840708874
0.5215835280851302 0.5116618840708874
0.5215835280851302 0.5116618840708874
0.5215835280851302 0.5116618840708874
0.5215835280851302 0.5116618840708874
0.5215835280851302 0.5116618840708874
0.5215835280851302 0.5116618840708874
0.5215835280851302 0.5116618840708874
0.5215835280851302 0.5116618840708874
0.5215835280851302 0.5117195342877027
0.5215835280851302 0.513991364952274
0.5215835280851302 0.513991364952274
0.5215835280851302 0.513991364952274
0.5215835280851302 0.513991364952274
0.5215835280851302 0.513991364952274
0.5215835280851302 0.513991364952274
0.5215835280851302 0.513991364952274
0.5215835280851302 0.513991364952274
0.5215835280851302 0.513991364952274
0.5215835280851302 0.5147973644933579
0.5215835280851302 0.5147973644933579
0.5215835280851302 0.5147973644933579
0.5215835280851302 0.5147973644933579
0.5215835280851302 0.5147973644933579
0.5215835280851302 0.5147973644933579
0.5215835280851302 0.5147973644933579
0.5215835280851302 0.5147973644933579
0.5215835280851302 0.5147973644933579
0.5215835280851302 0.5147973644933579
0.5215835280851302 0.5147973644933579
0.5215835280851302 0.5157950023065162
0.5215835280851302 0.5157950023065162
0.5215835280851302 0.5157950023065162
0.5215835280851302 0.5157950023065162
0.5215835280851302 0.5157950023065162
0.5215835280851302 0.5157950023065162
0.5215835280851302 0.5157950023065162
0.5215835280851302 0.5157950023065162
0.5215835280851302 0.5157950023065162
0.5217318431099748 0.5158703154707978
0.5217318431099748 0.5158703154707978
0.5217318431099748 0.5160777980674378
0.5217318431099748 0.5160777980674378
0.5217318431099748 0.5160777980674378
0.5217318431099748 0.5160777980674378
0.5224849618424483 0.5160777980674378
0.5224849618424483 0.5160777980674378
0.5224849618424483 0.5160777980674378
0.5224849618424483 0.5160777980674378
0.5224849618424483 0.5160777980674378
0.5224849618424483 0.5160777980674378
0.5224849618424483 0.5160777980674378
0.5224849618424483 0.5160777980674378
0.5224849618424483 0.5160777980674378
0.5224849618424483 0.5160777980674378
0.5224849618424483 0.5160777980674378
0.5224849618424483 0.5160777980674378
0.5224849618424483 0.5160777980674378
0.5224849618424483 0.5160777980674378
0.5224849618424483 0.5161406188505507
0.5224849618424483 0.5161406188505507
0.5224849618424483 0.5161406188505507
0.5224849618424483 0.5161406188505507
0.5224849618424483 0.5161406188505507
0.5224849618424483 0.5161406188505507
0.5224849618424483 0.5161406188505507
0.5224849618424483 0.5161406188505507
0.5224849618424483 0.5161406188505507
0.5224849618424483 0.5161406188505507
0.5224849618424483 0.5161406188505507
0.5224849618424483 0.5161406188505507
0.5224849618424483 0.5161406188505507
0.5224849618424483 0.5161406188505507
0.5224849618424483 0.5161406188505507
0.5224849618424483 0.5161406188505507
0.5224849618424483 0.5161406188505507
0.5224849618424483 0.5161406188505507
0.5224849618424483 0.5161406188505507
0.5224849618424483 0.5161406188505507
0.5224849618424483 0.5161406188505507
Final fitness: 0.5224849618424483
[0.5003510885935876, 0.3465879161041754, 0.20037227749794972, 0.37983707743263584, 0.4, 0.0019891107319043866, 0.40090974338568836, 0.1692042527218435, 0.3976442103711813, 0.5027700948408947, 0.558125904546843, 0.29973900020769045, 0.011849441280240985, 0.19966651595739943, 0.4136967223741385, 0.27801112006823747, 0.3980282883625114, 0.3082777216874426, 0.5344329297602717, 0.30076684740730636, 0.004031828003243226, 0.39836273234171155, 0.023636719510557153, 0.1239580836530936, 0.4079592813906503, 0.10943114251412067, 0.41108368224597536, 0.3004640104035808, 0.3105337808828729, 0.09736175606884034, 0.08711777055227912, 0.4774064835277717, 0.198926769852105, 0.1748181544709757, 0.02951131570204532, 0.05920522236267789, 0.5131565592584719, 0.29854773564416837, 0.038019669471065165, 0.2991811223671723, 0.3153053593080294, 0.30103267202007095, 0.20734984734014136, 0.00018298256888313325, 0.007368047414141626, 0.3048631330022128, 0.2902364508165188, 0.10914826777868969, 0.198100998495569, 0.2052668143352024, 0.14570710062690154, 0.4092872439664942, 0.29905419840023084, 0.197271805880889, 0.07023844701012402, 0.06751436372661324, 0.4174447904754512, 0.21802885353443513, 0.383430606033378, 0.5012897167833743, 0.1038415047533352, 0.4973011386889744, 0.29610827103246645, 0.003234467701996979, 0.11170003051587077, 0.29881423945306745, 0.2972740955856334, 0.4365371800481374, 0.39999773462180715, 0.41932674312014245, 0.18545523972514008, 0.31364176852043246, 0.3, 0.21582364545990573, 0.2933829522654937, 0.5309979505541702, 0.30455525889548535, 0.31990006511510216, 0.4, 0.1287125553353004, 0.4044042693891602, 0.3857486202920345, 0.3, 0.1535229965869302, 0.2926980404976548, 0.02125289641337824, 0.482462509163115, 0.013487174013722639, 0.19762379752940126, 0.0, 0.49808602481891984, 0.12388736006933987, 0.4706778261805094, 0.10217246914087345, 0.20270914805417156, 0.5005244752819453, 0.09491164550212558, 0.1827203013278085]
