1 8.0 [6, 7]
2 8.0 [3, 5, 7]
3 8.0 [2, 3]
4 3.0 [3, 6, 7]
5 17.0 [2, 3, 7]
6 20.0 [1, 2]
7 10.0 [2, 3]
8 9.0 [1, 6, 7]
(1, 7)
(3, 4)
(2, 5)
(4, 5)
(1, 6)
(3, 5)
(2, 6)
1 9465.0 [1, 2, 3, 4, 5, 6, 7]
2 9475.0 [1, 2, 3, 4, 5, 7]
3 11501.0 [1, 2, 3, 4, 5, 6, 7]
4 9769.0 [2, 3, 4, 5, 6, 7]
5 10749.0 [1, 2, 3, 4, 5, 6, 7]
6 10288.0 [1, 2, 3, 4, 5, 7]
7 8571.0 [1, 2, 3, 4, 5, 7]
8 10903.0 [1, 2, 3, 4, 5, 6, 7]
9 11037.0 [2, 3, 4, 5, 6, 7]
10 9828.0 [1, 2, 3, 4, 5, 6, 7]
0.00979440608181881 0.009696685244289304
0.5340083198089405 0.009786187401617899
0.5340083198089405 0.009794539083962854
0.5340083198089405 0.009794539083962854
0.5340083198089405 0.009794539083962854
0.5340083198089405 0.009795443044622616
0.5340083198089405 0.40790123931788896
0.5340083198089405 0.4568638244137549
0.5340083198089405 0.4568638244137549
0.5340083198089405 0.4568638244137549
0.5340083198089405 0.4568638244137549
0.5340083198089405 0.45961215906479536
0.5340083198089405 0.45961215906479536
0.5340083198089405 0.45961215906479536
0.5340083198089405 0.45961215906479536
0.5340083198089405 0.4673740929204272
0.5340083198089405 0.4673740929204272
0.5340083198089405 0.4734051194150388
0.5340083198089405 0.4734051194150388
0.5340083198089405 0.4734051194150388
0.5340083198089405 0.4734051194150388
0.5340083198089405 0.4734051194150388
0.5340083198089405 0.4734051194150388
0.5340083198089405 0.4734051194150388
0.5479228186559981 0.4762554495232824
0.5479228186559981 0.47847737803319496
0.5479228186559981 0.47847737803319496
0.5479228186559981 0.47847737803319496
0.5479228186559981 0.47847737803319496
0.5479228186559981 0.47847737803319496
0.5479228186559981 0.47847737803319496
0.5479228186559981 0.47847737803319496
0.5479228186559981 0.4800447769380655
0.5479228186559981 0.4800447769380655
0.5479228186559981 0.4823287901106606
0.5479228186559981 0.4823287901106606
0.5479228186559981 0.4823287901106606
0.5479228186559981 0.4823287901106606
0.5479228186559981 0.4823287901106606
0.5479228186559981 0.4823287901106606
0.5479228186559981 0.485736373725832
0.5479228186559981 0.485736373725832
0.5479228186559981 0.485736373725832
0.5479228186559981 0.485736373725832
0.5479228186559981 0.485736373725832
0.5479228186559981 0.4890620851445227
0.5479228186559981 0.4890620851445227
0.5479228186559981 0.4890620851445227
0.5479228186559981 0.4890620851445227
0.5479228186559981 0.4890620851445227
0.5479228186559981 0.4890620851445227
0.5479228186559981 0.4890620851445227
0.5479228186559981 0.4890620851445227
0.5479228186559981 0.4890620851445227
0.5479228186559981 0.4890620851445227
0.5479228186559981 0.4890620851445227
0.5479228186559981 0.48954195569488407
0.5479228186559981 0.48954195569488407
0.5479228186559981 0.48954195569488407
0.5479228186559981 0.48954195569488407
0.5479228186559981 0.48954195569488407
0.5479228186559981 0.48954195569488407
0.5479228186559981 0.48954195569488407
0.5479228186559981 0.48954195569488407
0.5479228186559981 0.48954195569488407
0.5479228186559981 0.48954195569488407
0.5479228186559981 0.48954195569488407
0.5479228186559981 0.48954195569488407
0.5479228186559981 0.48954195569488407
0.5479228186559981 0.4901868561584975
0.5479228186559981 0.4901868561584975
0.5479228186559981 0.4901868561584975
0.5479228186559981 0.4901868561584975
0.5479228186559981 0.4901868561584975
0.5479228186559981 0.4901868561584975
0.5479228186559981 0.4901868561584975
0.5479228186559981 0.49251697831664787
0.5479228186559981 0.4957506766806353
0.5479228186559981 0.4957506766806353
0.5479228186559981 0.4957506766806353
0.5479228186559981 0.4957506766806353
0.5479228186559981 0.4957506766806353
0.5479228186559981 0.49612319329682736
0.5479228186559981 0.49612319329682736
0.5479228186559981 0.49612319329682736
0.5479228186559981 0.49612319329682736
0.5479228186559981 0.49612319329682736
0.5479228186559981 0.49612319329682736
0.5479228186559981 0.497737832390928
0.5479228186559981 0.497737832390928
0.5479228186559981 0.497737832390928
0.5479228186559981 0.497737832390928
0.5479228186559981 0.497737832390928
0.5479228186559981 0.497737832390928
0.5479228186559981 0.497737832390928
0.5479228186559981 0.497737832390928
0.5479228186559981 0.497737832390928
0.5479228186559981 0.497737832390928
0.5479228186559981 0.497737832390928
0.5479228186559981 0.4983953928089911
Final fitness: 0.5479228186559981
[0.345930374732261, 0.29892566364447887, 0.17806937183735522, 0.33331788009469654, 0.3998151308025223, 0.3, 0.442228600526951, 0.037940086176499035, 0.09844547711455987, 0.10023154096960449, 0.1028343909294756, 0.3984155961033957, 0.4830189321057302, 0.2, 0.502087057291594, 0.38332418071985064, 0.3916257859321045, 0.30197819535047415, 0.06161453544583273, 0.040589221830702404, 0.10028509988151829, 0.11183485004534499, 0.24195291232576585, 0.0, 0.5152039985670529, 0.19390631421195292, 0.10049090641945146, 0.19794746814411485, 0.4929297382910359, 0.5149456400619292, 0.0, 0.42938718329156444, 0.20212772839185605, 0.013181500604310933, 0.028419008057950335, 0.39683684905712807, 0.11464687613726325, 0.027148608380267114, 0.29718176918631634, 0.2204109779169033, 0.2, 0.07539719576062301, 0.09480414838963969, 0.5287781092850401, 0.20044962179730547, 0.4659458041208274, 0.10389872214466045, 0.19227900943094636, 0.5046492986494537, 0.24688508416695606, 0.1103279363518208, 0.05913497674964882, 0.10495690757965948, 0.4524009509073947, 0.02205477204599854, 0.1, 0.34291792094494933, 0.29493865139041336, 0.2704333199660922, 0.3, 0.20464286416566177, 0.004528324751218692, 0.20542585720135212, 0.2159104249543358, 0.5000067312329015, 0.28926695595785296, 0.4246415313994383, 0.0290421212829583, 0.19994028489438356, 0.5, 0.3756742499737978, 0.20008134137805994, 0.4231173811321206, 0.3208705280205759, 0.29661026005027114, 0.11591521883250151, 0.2955186875820409, 0.01796857648748859, 0.33962455934671154, 0.2989964786729008]
