1 8.0 [5, 6]
2 15.0 [1, 5, 7]
3 9.0 [3, 5]
4 10.0 [5, 8]
5 8.0 [2, 5, 7]
6 16.0 [1, 2]
7 6.0 [2, 4, 7]
8 2.0 [1, 5]
(7, 8)
(6, 7)
(2, 6)
(2, 5)
(4, 7)
(2, 7)
(3, 4)
(3, 5)
(1, 8)
(2, 8)
1 9012.0 [1, 2, 3, 5, 6, 7, 8]
2 11902.0 [1, 2, 4, 5, 6, 7, 8]
3 9623.0 [1, 2, 3, 5, 6, 8]
4 8649.0 [1, 2, 3, 5, 7, 8]
5 9590.0 [2, 3, 4, 5, 7, 8]
6 10970.0 [1, 2, 4, 5, 6, 7, 8]
7 9349.0 [1, 2, 3, 4, 5, 6, 8]
8 10353.0 [1, 2, 4, 5, 6, 7, 8]
9 11031.0 [1, 2, 3, 5, 6, 7, 8]
10 10286.0 [1, 2, 3, 4, 5, 6, 8]
11 9974.0 [1, 3, 4, 5, 6, 7, 8]
0.4718596217421586 0.00972721023486691
0.47341724469689084 0.456222091011515
0.47341724469689084 0.4581449789179549
0.47341724469689084 0.46143676772821013
0.47524431206566214 0.4618146344554992
0.48576976298268193 0.4639627975295668
0.48576976298268193 0.465759309404714
0.48576976298268193 0.4687958462159407
0.48576976298268193 0.47167345502402236
0.48576976298268193 0.4725242486904912
0.48576976298268193 0.4725242486904912
0.48612828858482887 0.472774599563663
0.48612828858482887 0.4731939108002087
0.48612828858482887 0.47341724469689084
0.48612828858482887 0.4740170907358782
0.48612828858482887 0.47492948880650565
0.48612828858482887 0.47492948880650565
0.48612828858482887 0.47492948880650565
0.48612828858482887 0.47492948880650565
0.48612828858482887 0.47528146276345473
0.48612828858482887 0.47543643292616106
0.48612828858482887 0.47543643292616106
0.48612828858482887 0.47564135400848884
0.48612828858482887 0.4757093202100233
0.48612828858482887 0.4757093202100233
0.48612828858482887 0.4757093202100233
0.48612828858482887 0.4757093202100233
0.48612828858482887 0.47580125736374373
0.48612828858482887 0.47580125736374373
0.48612828858482887 0.47580125736374373
0.48612828858482887 0.47580125736374373
0.48612828858482887 0.4761596889134479
0.48612828858482887 0.4762324850324801
0.48612828858482887 0.4762324850324801
0.48612828858482887 0.4762324850324801
0.48612828858482887 0.4767505243230727
0.48612828858482887 0.4767505243230727
0.48612828858482887 0.4767505243230727
0.48612828858482887 0.4767505243230727
0.48612828858482887 0.4767505243230727
0.48612828858482887 0.4767505243230727
0.48612828858482887 0.4767505243230727
0.48612828858482887 0.4767505243230727
0.48612828858482887 0.4767505243230727
0.48612828858482887 0.4767505243230727
0.48612828858482887 0.4767505243230727
0.48612828858482887 0.4767505243230727
0.48612828858482887 0.4767505243230727
0.48612828858482887 0.4767505243230727
0.48612828858482887 0.4767505243230727
0.48612828858482887 0.4767505243230727
0.48612828858482887 0.4767505243230727
0.48612828858482887 0.4767505243230727
0.48612828858482887 0.4771889807454805
0.4925671150260629 0.47731862024481314
0.4925671150260629 0.47731862024481314
0.4925671150260629 0.47731862024481314
0.4925671150260629 0.47731862024481314
0.4925671150260629 0.47731862024481314
0.4925671150260629 0.477664383723742
0.4925671150260629 0.477664383723742
0.4925671150260629 0.477664383723742
0.4925671150260629 0.477664383723742
0.4925671150260629 0.477664383723742
0.4925671150260629 0.477664383723742
0.4925671150260629 0.4778575052609174
0.4925671150260629 0.4778575052609174
0.4925671150260629 0.4778575052609174
0.4925671150260629 0.4778575052609174
0.4925671150260629 0.4778575052609174
0.4925671150260629 0.4778575052609174
0.4925671150260629 0.4778575052609174
0.4925671150260629 0.4778575052609174
0.4925671150260629 0.4778575052609174
0.4925671150260629 0.4778575052609174
0.4925671150260629 0.4778575052609174
0.4925671150260629 0.4778575052609174
0.4925671150260629 0.4778575052609174
0.4925671150260629 0.4778575052609174
0.4925671150260629 0.4778575052609174
0.4925671150260629 0.4778575052609174
0.4925671150260629 0.4778575052609174
0.4925671150260629 0.4778575052609174
0.4925671150260629 0.4778575052609174
0.4925671150260629 0.4778575052609174
0.4925671150260629 0.4778575052609174
0.4925671150260629 0.47830626869566034
0.4925671150260629 0.47830626869566034
0.4925671150260629 0.4788543482585836
0.4925671150260629 0.4788543482585836
0.4925671150260629 0.4788543482585836
0.4925671150260629 0.4788543482585836
0.4925671150260629 0.4788543482585836
0.4925671150260629 0.4788543482585836
0.4925671150260629 0.4788543482585836
0.4925671150260629 0.4788543482585836
0.4925671150260629 0.4789596869729398
0.4925671150260629 0.4789596869729398
0.4925671150260629 0.4789596869729398
0.4925671150260629 0.4789596869729398
Final fitness: 0.4925671150260629
[0.1, 0.19929020901069147, 0.29130478662000914, 0.357199661975228, 0.3045333934671625, 0.1, 0.2946784179235516, 0.2034965589494402, 0.05080355769026661, 0.1, 0.004970335084348396, 0.5188666618569633, 0.29868134740732577, 0.4, 0.20971162429871115, 0.0, 0.500540044918882, 0.3, 0.06064282481559832, 0.5052523851977632, 0.07889529127532845, 0.4803386879131159, 0.4, 0.1, 0.019912926696775163, 0.2, 0.12104493781895084, 0.19652535206978172, 0.0, 0.3, 0.09981695255769037, 0.20741285756877798, 0.1, 0.3, 0.29849920485424253, 0.5, 0.3, 0.3, 0.013920896028258273, 0.30782617536788615, 0.0394028924016297, 0.2946233826128962, 0.5, 0.48010594467865264, 0.10158041444944801, 0.0, 0.2652257960706566, 0.5018781861194084, 0.5007185415856762, 0.4, 0.4103860021225474, 0.03385415563552585, 0.2, 0.0, 0.08884922488128565, 0.0009705773337385618, 0.00018068346110234473, 0.1932536531020923, 0.4006414112958041, 0.4, 0.4, 0.4107242871888677, 0.28683108438666927, 0.005333214437335698, 0.3949999303760671, 0.07539275693652198, 0.48779600648545784, 0.5399847901741079, 0.3, 0.2, 0.1994333542933196, 0.3059473102409194, 0.3992302281157425, 0.3, 0.399745534089971, 0.4, 0.4976247512392896, 0.0, 0.3, 0.1, 0.3, 0.3, 0.5, 0.03288037683312811, 0.1, 0.5, 0.10469732132629285, 0.02212221779982468]
