1 8.0 [5, 6]
2 15.0 [1, 5, 7]
3 9.0 [3, 5]
4 10.0 [5, 8]
5 8.0 [2, 5, 7]
6 16.0 [1, 2]
7 6.0 [2, 4, 7]
8 2.0 [1, 5]
(7, 8)
(6, 7)
(2, 6)
(2, 5)
(4, 7)
(2, 7)
(3, 4)
(3, 5)
(1, 8)
(2, 8)
1 9012.0 [1, 2, 3, 5, 6, 7, 8]
2 11902.0 [1, 2, 4, 5, 6, 7, 8]
3 9623.0 [1, 2, 3, 5, 6, 8]
4 8649.0 [1, 2, 3, 5, 7, 8]
5 9590.0 [2, 3, 4, 5, 7, 8]
6 10970.0 [1, 2, 4, 5, 6, 7, 8]
7 9349.0 [1, 2, 3, 4, 5, 6, 8]
8 10353.0 [1, 2, 4, 5, 6, 7, 8]
9 11031.0 [1, 2, 3, 5, 6, 7, 8]
10 10286.0 [1, 2, 3, 4, 5, 6, 8]
11 9974.0 [1, 3, 4, 5, 6, 7, 8]
0.46106378874995063 0.009718985537532008
0.4828683026018096 0.46124028941575795
0.48558775977116253 0.46652838184919476
0.48558775977116253 0.46652838184919476
0.48558775977116253 0.46734728393269725
0.48558775977116253 0.4674858828804246
0.48558775977116253 0.4685185961215377
0.48558775977116253 0.468521561670678
0.48558775977116253 0.4689422498530504
0.48558775977116253 0.4689422498530504
0.48558775977116253 0.4689422498530504
0.4871002235345433 0.4708325249467108
0.4871002235345433 0.4708325249467108
0.4871002235345433 0.4709294542021809
0.4871002235345433 0.4709294542021809
0.4871002235345433 0.47242697077610546
0.4871002235345433 0.47242697077610546
0.4871002235345433 0.47242697077610546
0.4871002235345433 0.47242697077610546
0.4871002235345433 0.4731642224044577
0.4871002235345433 0.47323927025059775
0.4871002235345433 0.4735081063417135
0.4871002235345433 0.4735225379773929
0.4871002235345433 0.4735225379773929
0.4871002235345433 0.4738354906705442
0.4871002235345433 0.4738354906705442
0.4871002235345433 0.4738354906705442
0.4871002235345433 0.4738354906705442
0.4871002235345433 0.4749997382664206
0.4871002235345433 0.4756526966697937
0.4871002235345433 0.4756546427368596
0.4871002235345433 0.4756546427368596
0.4871002235345433 0.4758756949558834
0.4871002235345433 0.4758756949558834
0.4871002235345433 0.4766543411881523
0.4871002235345433 0.4766543411881523
0.4871002235345433 0.4766543411881523
0.4871002235345433 0.47670946160419325
0.4871002235345433 0.4769340009852998
0.4871002235345433 0.4769340009852998
0.4871002235345433 0.4769340009852998
0.4871002235345433 0.4769382012608362
0.4871002235345433 0.4769759694409788
0.4871002235345433 0.4769759694409788
0.4871002235345433 0.4769759694409788
0.4871002235345433 0.4769759694409788
0.4871002235345433 0.4769759694409788
0.4871002235345433 0.4769759694409788
0.4871002235345433 0.4769759694409788
0.4871002235345433 0.4769759694409788
0.4871002235345433 0.4769759694409788
0.4871002235345433 0.4769759694409788
0.4871002235345433 0.4769759694409788
0.4871002235345433 0.4769759694409788
0.4871002235345433 0.4769759694409788
0.4871002235345433 0.4769759694409788
0.4871002235345433 0.47788177956558686
0.4871002235345433 0.47788177956558686
0.4871002235345433 0.47788177956558686
0.4871002235345433 0.47788177956558686
0.4871002235345433 0.47788177956558686
0.4871002235345433 0.47788177956558686
0.4871002235345433 0.47788177956558686
0.4901552187523123 0.47790867584958463
0.4901552187523123 0.47790867584958463
0.4901552187523123 0.47790867584958463
0.4901552187523123 0.47790867584958463
0.4901552187523123 0.47790867584958463
0.4901552187523123 0.47790867584958463
0.4901552187523123 0.47790867584958463
0.4901552187523123 0.47790867584958463
0.4901552187523123 0.47790867584958463
0.4901552187523123 0.47790867584958463
0.4901552187523123 0.47790867584958463
0.4901552187523123 0.4780561935112343
0.4901552187523123 0.4780561935112343
0.4901552187523123 0.4780561935112343
0.4901552187523123 0.4780561935112343
0.4901552187523123 0.4780561935112343
0.4901552187523123 0.4780561935112343
0.4901552187523123 0.4780561935112343
0.4901552187523123 0.4780561935112343
0.4901552187523123 0.4780561935112343
0.4901552187523123 0.4780561935112343
0.4901552187523123 0.4780561935112343
0.4901552187523123 0.4780561935112343
0.4901552187523123 0.4782255367641283
0.4901552187523123 0.4782255367641283
0.4901552187523123 0.4782255367641283
0.4901552187523123 0.4782255367641283
0.4901552187523123 0.4782255367641283
0.4901552187523123 0.4782255367641283
0.4901552187523123 0.4782255367641283
0.4901552187523123 0.4782255367641283
0.4901552187523123 0.4782255367641283
0.4901552187523123 0.4782255367641283
0.4901552187523123 0.4782255367641283
0.4901552187523123 0.4782255367641283
0.4901552187523123 0.4782255367641283
0.4901552187523123 0.4782255367641283
Final fitness: 0.4901552187523123
[0.0037457951388110977, 0.27521538011114227, 0.1914985506935301, 0.34091015339437164, 0.18163628595699396, 0.29574496711850495, 0.1, 0.0740237548854607, 0.010164736134308988, 0.2, 0.004823907365899369, 0.06582334020617081, 0.4933053396193634, 0.06966831711839555, 0.19109479646076244, 0.3014558515812754, 0.5327424980519058, 0.4209595784813699, 0.4832798386913153, 0.009225367312148847, 0.20891114024368085, 0.2948192843360432, 0.10542699242201878, 0.3223511954277107, 0.3142412905502211, 0.21633823402581664, 0.20547940706373913, 0.5097376875179028, 0.4029899420449271, 0.39979978851174747, 0.10472348028381483, 0.47677315819900923, 0.3103326097943983, 0.10689380282465391, 0.3, 0.3000389021775162, 3.1887627436888444e-06, 0.19336176290898444, 0.009914740819756102, 0.10041653605190626, 0.5, 0.3971685117948104, 0.21170527602346598, 0.4, 0.3696511811531447, 0.5113320371969745, 0.23062396395092993, 0.1374559394642215, 0.19740449923684117, 0.06142006508396075, 0.4442404894856542, 0.017490713300658392, 0.09822838024661296, 0.30655390728183585, 0.3, 0.0921878775500542, 0.0, 0.0002639193359638553, 0.4913636319222633, 0.4693046211374853, 0.38668526953761717, 0.01578339693137118, 0.4972597138877514, 0.5, 0.3831192672167497, 0.4958375953820703, 0.10593660683129631, 0.09097044549468916, 0.08288914992584034, 0.40823480989477, 0.008650082730031906, 0.0, 0.5, 0.4028607049903493, 0.27748468913141006, 0.29659795426123503, 0.1284839438265663, 0.39140076516064215, 0.011224098300634866, 0.10188880089533502, 0.41993405752362534, 0.3322752145464531, 0.20920932847449564, 0.4, 0.4836873952172449, 0.13336013158364696, 0.28943178762201777, 0.2783228229778885]
