1 8.0 [6, 7]
2 8.0 [3, 5, 7]
3 8.0 [2, 3]
4 3.0 [3, 6, 7]
5 17.0 [2, 3, 7]
6 20.0 [1, 2]
7 10.0 [2, 3]
8 9.0 [1, 6, 7]
(1, 7)
(3, 4)
(2, 5)
(4, 5)
(1, 6)
(3, 5)
(2, 6)
1 9465.0 [1, 2, 3, 4, 5, 6, 7]
2 9475.0 [1, 2, 3, 4, 5, 7]
3 11501.0 [1, 2, 3, 4, 5, 6, 7]
4 9769.0 [2, 3, 4, 5, 6, 7]
5 10749.0 [1, 2, 3, 4, 5, 6, 7]
6 10288.0 [1, 2, 3, 4, 5, 7]
7 8571.0 [1, 2, 3, 4, 5, 7]
8 10903.0 [1, 2, 3, 4, 5, 6, 7]
9 11037.0 [2, 3, 4, 5, 6, 7]
10 9828.0 [1, 2, 3, 4, 5, 6, 7]
0.009800729584763855 0.009695469217136413
0.4990289291676253 0.009770513214674653
0.5041608929220566 0.009781688874025364
0.5207256380466755 0.009795168301985811
0.5207256380466755 0.00979583261068417
0.5207256380466755 0.009800729584763855
0.5207256380466755 0.4338777464930494
0.5207256380466755 0.4338777464930494
0.5207256380466755 0.4338777464930494
0.5207256380466755 0.4338777464930494
0.5207256380466755 0.4490773009725564
0.5207256380466755 0.4490773009725564
0.5207256380466755 0.4490773009725564
0.5207256380466755 0.4490773009725564
0.5207256380466755 0.4490773009725564
0.5207256380466755 0.4490773009725564
0.5207256380466755 0.4490773009725564
0.5207256380466755 0.4490773009725564
0.5207256380466755 0.4499960637856433
0.5207256380466755 0.4499960637856433
0.5207256380466755 0.4499960637856433
0.5384323897326002 0.45233745013940774
0.5384323897326002 0.45233745013940774
0.5384323897326002 0.45233745013940774
0.5384323897326002 0.45233745013940774
0.5384323897326002 0.45233745013940774
0.5384323897326002 0.45233745013940774
0.5384323897326002 0.45233745013940774
0.5384323897326002 0.4565207602119058
0.5384323897326002 0.45920743808115916
0.5384323897326002 0.45920743808115916
0.5384323897326002 0.4932278400078372
0.5384323897326002 0.4932278400078372
0.5384323897326002 0.4932278400078372
0.5384323897326002 0.4932278400078372
0.5384323897326002 0.4932278400078372
0.5384323897326002 0.4932278400078372
0.5384323897326002 0.4932278400078372
0.5384323897326002 0.4932278400078372
0.5384323897326002 0.4932278400078372
0.5384323897326002 0.4932278400078372
0.5384323897326002 0.4932278400078372
0.5384323897326002 0.4932278400078372
0.5384323897326002 0.4932278400078372
0.5384323897326002 0.4932278400078372
0.5384323897326002 0.4932278400078372
0.5384323897326002 0.4932278400078372
0.5384323897326002 0.4932278400078372
0.5384323897326002 0.4932278400078372
0.5384323897326002 0.4932278400078372
0.5384323897326002 0.4932278400078372
0.5384323897326002 0.4932278400078372
0.5384323897326002 0.4932278400078372
0.5384323897326002 0.4932278400078372
0.5384323897326002 0.4932278400078372
0.5384323897326002 0.49404784416536346
0.5384323897326002 0.49404784416536346
0.5384323897326002 0.49404784416536346
0.5384323897326002 0.49404784416536346
0.5384323897326002 0.49404784416536346
0.5384323897326002 0.49404784416536346
0.5384323897326002 0.49404784416536346
0.5384323897326002 0.49404784416536346
0.5384323897326002 0.49404784416536346
0.5384323897326002 0.49404784416536346
0.5384323897326002 0.49404784416536346
0.5384323897326002 0.49404784416536346
0.5384323897326002 0.49404784416536346
0.5384323897326002 0.49404784416536346
0.5384323897326002 0.49404784416536346
0.5384323897326002 0.49404784416536346
0.5384323897326002 0.49404784416536346
0.5384323897326002 0.49404784416536346
0.5384323897326002 0.49404784416536346
0.5384323897326002 0.49404784416536346
0.5384323897326002 0.49404784416536346
0.5384323897326002 0.49404784416536346
0.5384323897326002 0.49404784416536346
0.5384323897326002 0.49404784416536346
0.5384323897326002 0.49404784416536346
0.5384323897326002 0.49404784416536346
0.5384323897326002 0.49404784416536346
0.5384323897326002 0.49404784416536346
0.5384323897326002 0.49404784416536346
0.5384323897326002 0.49404784416536346
0.5384323897326002 0.49404784416536346
0.5384323897326002 0.49404784416536346
0.5384323897326002 0.49404784416536346
0.5384323897326002 0.49404784416536346
0.5384323897326002 0.49404784416536346
0.5384323897326002 0.49404784416536346
0.5384323897326002 0.5014521723087765
0.5384323897326002 0.5014521723087765
0.5384323897326002 0.5014521723087765
0.5384323897326002 0.5014521723087765
0.5384323897326002 0.5014521723087765
0.5384323897326002 0.5014521723087765
0.5384323897326002 0.5014521723087765
0.5384323897326002 0.5014521723087765
0.5384323897326002 0.5041608929220566
Final fitness: 0.5384323897326002
[0.10303283883577416, 0.30708413713813576, 0.3, 0.2983653107969834, 0.4, 0.18830463248407261, 0.2035414723452381, 0.5, 0.017924258247488056, 0.003980384400310857, 0.0, 0.0, 0.0, 0.3116889730202752, 0.2, 0.3961415542180642, 0.4975000735185663, 0.48496896759288827, 0.4, 0.4279526406283578, 0.4000657014761173, 0.3, 0.04010234856211413, 0.5000153862897415, 0.0, 0.5, 0.2044522021708468, 0.0, 0.4, 0.4852898632369965, 0.0, 0.5001029067002543, 0.29884898648863073, 0.03546930350562824, 0.4796810244576446, 0.300347874366463, 0.012979970759618153, 0.4, 0.3, 0.1, 0.2144573378130055, 0.2, 0.0, 0.0, 0.5132136539851397, 0.2, 0.4, 0.38833791172443605, 0.0, 0.5000496785199713, 0.10660648200466422, 0.1, 0.0, 0.4, 0.17379260891580975, 0.2026344821270152, 0.1952950478241125, 0.4, 0.0, 0.0, 0.3, 0.20499520317256908, 0.5, 0.015386739789412275, 0.4946839965646469, 0.4, 0.4, 0.3755483728651558, 0.3, 0.08194637186944108, 0.3, 0.2, 0.1, 0.2, 0.0, 0.3, 0.0, 0.2, 0.4, 0.19732029248078836]
