1 5.0 [3, 4, 5]
2 2.0 [1, 3, 4]
3 17.0 [2, 5, 7]
4 7.0 [2, 3]
5 11.0 [2, 4]
(3, 4)
(2, 3)
(3, 5)
(2, 4)
(1, 5)
(4, 5)
(1, 4)
(1, 3)
(2, 5)
(1, 2)
1 11877.0 [1, 2, 3, 4, 5, 7]
2 12108.0 [1, 2, 3, 4, 5, 6, 7]
3 7911.0 [1, 2, 3, 5, 6, 7]
4 10369.0 [1, 2, 3, 4, 5, 6]
5 10218.0 [1, 2, 3, 4, 5, 6, 7]
6 10271.0 [1, 3, 4, 5, 6, 7]
7 9590.0 [1, 2, 4, 5, 6, 7]
8 10961.0 [1, 2, 3, 4, 5, 6, 7]
9 9920.0 [1, 2, 3, 4, 5, 6, 7]
10 9784.0 [1, 2, 3, 4, 5, 6, 7]
11 11074.0 [1, 2, 3, 4, 5, 6, 7]
12 10465.0 [1, 2, 3, 4, 5, 6, 7]
13 9808.0 [1, 2, 3, 4, 5, 6, 7]
1.2355553575689917 0.9448868320773978
1.4915052821534889 1.3119864568929474
1.4915052821534889 1.3367374785236805
1.4915052821534889 1.3413513877222356
1.4915052821534889 1.3413513877222356
1.4915052821534889 1.3413513877222356
1.4915052821534889 1.3467220948063412
1.4915052821534889 1.3467220948063412
1.4915052821534889 1.3467220948063412
1.4915052821534889 1.3467220948063412
1.4915052821534889 1.3467220948063412
1.4915052821534889 1.3467220948063412
1.4915052821534889 1.3467220948063412
1.4915052821534889 1.3467220948063412
1.4915052821534889 1.3467220948063412
1.4915052821534889 1.3467220948063412
1.4915052821534889 1.3467220948063412
1.4915052821534889 1.3467220948063412
1.4915052821534889 1.3514289274886135
1.4915052821534889 1.3634340015127098
1.4915052821534889 1.3634340015127098
1.4915052821534889 1.3634340015127098
1.4915052821534889 1.3634340015127098
1.4915052821534889 1.3634340015127098
1.4915052821534889 1.3634340015127098
1.4915052821534889 1.3634340015127098
1.4915052821534889 1.3634340015127098
1.4915052821534889 1.3634340015127098
1.4915052821534889 1.3634340015127098
1.4915052821534889 1.3634340015127098
1.4915052821534889 1.3638629279527152
1.4915052821534889 1.3638629279527152
1.4915052821534889 1.3638629279527152
1.4915052821534889 1.3638629279527152
1.4915052821534889 1.3638629279527152
1.4915052821534889 1.3638629279527152
1.4915052821534889 1.3638629279527152
1.4915052821534889 1.3638629279527152
1.4915052821534889 1.3639906211026533
1.4915052821534889 1.3639906211026533
1.4915052821534889 1.3675755165254004
1.4915052821534889 1.3874879900337986
1.4915052821534889 1.3874879900337986
1.4915052821534889 1.3946013332106133
1.4915052821534889 1.3946013332106133
1.4915052821534889 1.3946013332106133
1.4915052821534889 1.3946013332106133
1.4915052821534889 1.4048673252191883
1.4915052821534889 1.4089452363625803
1.4915052821534889 1.4089452363625803
1.4915052821534889 1.4089452363625803
1.4915052821534889 1.4089452363625803
1.4915052821534889 1.4089452363625803
1.5536337317918398 1.423326967902738
1.5536337317918398 1.423326967902738
1.5536337317918398 1.423326967902738
1.5536337317918398 1.423326967902738
1.5536337317918398 1.423326967902738
1.5536337317918398 1.423326967902738
1.5536337317918398 1.423326967902738
1.5536337317918398 1.423326967902738
1.5536337317918398 1.423326967902738
1.5536337317918398 1.423326967902738
1.5536337317918398 1.423326967902738
1.5536337317918398 1.423326967902738
1.5536337317918398 1.423326967902738
1.5536337317918398 1.423326967902738
1.5536337317918398 1.423326967902738
1.5536337317918398 1.423896271210556
1.5536337317918398 1.423896271210556
1.5536337317918398 1.423896271210556
1.5536337317918398 1.423896271210556
1.5536337317918398 1.423896271210556
1.5536337317918398 1.423896271210556
1.5536337317918398 1.423896271210556
1.5536337317918398 1.423896271210556
1.5536337317918398 1.423896271210556
1.5536337317918398 1.423896271210556
1.5536337317918398 1.423896271210556
1.5536337317918398 1.423896271210556
1.5536337317918398 1.423896271210556
1.5536337317918398 1.423896271210556
1.5536337317918398 1.4280756118256015
1.5536337317918398 1.4280756118256015
1.5536337317918398 1.4280756118256015
1.5536337317918398 1.4280756118256015
1.5536337317918398 1.4280756118256015
1.5536337317918398 1.4280756118256015
1.5536337317918398 1.4280756118256015
1.5536337317918398 1.4280756118256015
1.5536337317918398 1.4280756118256015
1.5536337317918398 1.4280756118256015
1.5536337317918398 1.4280756118256015
1.5536337317918398 1.4280756118256015
1.5536337317918398 1.4280756118256015
1.5536337317918398 1.4280756118256015
1.5536337317918398 1.4280756118256015
1.5536337317918398 1.4280756118256015
1.5536337317918398 1.4280756118256015
1.5536337317918398 1.4280756118256015
Final fitness: 1.5536337317918398
[0.2, 0.0, 0.04763958963673284, 0.20313782869044855, 0.3116044035018106, 0.300015435956048, 0.0179130504222874, 0.4, 0.3001341063187606, 0.5, 0.2, 0.4042192770086414, 0.29779856182832704, 0.09661801618930903, 0.09999380861647925, 0.1, 0.3, 0.18561003875138904, 0.029675840540314163, 0.45571837282615557, 0.10477323559857878, 0.5, 0.01832157646958338, 0.006731702855704291, 0.0019527881602916242, 0.1, 0.5, 0.0, 0.2868798450935995, 0.2, 0.4043197499280708, 0.30045167195434325, 0.0, 0.02039902457092302, 0.2019403579405385, 0.08972183766423834, 0.4104465243763644, 0.01208967569859772, 0.21055611892849538, 0.5, 0.01685431333044754, 0.10047209703735663, 0.3, 0.1009654041587717, 0.097494389994274, 0.5, 0.2, 0.0, 0.43224689400316363, 0.5, 0.19158585253676258, 0.08604037521625879, 0.1999775636449983, 0.4, 0.20000152446090974, 0.3, 0.2, 0.20000879465682703, 0.20456133149624486, 0.5, 0.1025328442572417, 0.3008079658622315, 0.48802421421147, 0.2, 0.4944678408927132]
