1 8.0 [5, 6]
2 15.0 [1, 5, 7]
3 9.0 [3, 5]
4 10.0 [5, 8]
5 8.0 [2, 5, 7]
6 16.0 [1, 2]
7 6.0 [2, 4, 7]
8 2.0 [1, 5]
(7, 8)
(6, 7)
(2, 6)
(2, 5)
(4, 7)
(2, 7)
(3, 4)
(3, 5)
(1, 8)
(2, 8)
1 9012.0 [1, 2, 3, 5, 6, 7, 8]
2 11902.0 [1, 2, 4, 5, 6, 7, 8]
3 9623.0 [1, 2, 3, 5, 6, 8]
4 8649.0 [1, 2, 3, 5, 7, 8]
5 9590.0 [2, 3, 4, 5, 7, 8]
6 10970.0 [1, 2, 4, 5, 6, 7, 8]
7 9349.0 [1, 2, 3, 4, 5, 6, 8]
8 10353.0 [1, 2, 4, 5, 6, 7, 8]
9 11031.0 [1, 2, 3, 5, 6, 7, 8]
10 10286.0 [1, 2, 3, 4, 5, 6, 8]
11 9974.0 [1, 3, 4, 5, 6, 7, 8]
0.47098047563264017 0.009739516819532435
0.47179040931534016 0.4532633797289926
0.47259759135025536 0.4605426068732794
0.47259759135025536 0.4605426068732794
0.47259759135025536 0.4615847660815741
0.47259759135025536 0.4622480777228047
0.47259759135025536 0.46237224741182453
0.47259759135025536 0.46237224741182453
0.473186700679533 0.46338876947291385
0.473186700679533 0.46393517743941465
0.473186700679533 0.4652961782514716
0.473186700679533 0.4652961782514716
0.478190580150629 0.4664950278300404
0.47832240653787866 0.46820376695412863
0.47832240653787866 0.4683030232084893
0.47832240653787866 0.4683030232084893
0.47832240653787866 0.4683030232084893
0.47832240653787866 0.4683030232084893
0.47832240653787866 0.4683030232084893
0.47832240653787866 0.46835479501244803
0.47832240653787866 0.46835479501244803
0.47832240653787866 0.46835479501244803
0.47832240653787866 0.46835479501244803
0.47832240653787866 0.46835479501244803
0.47832240653787866 0.46835479501244803
0.47832240653787866 0.46867184046889504
0.47832240653787866 0.4690869023121256
0.4814877344938273 0.46955838211541145
0.4845831028012432 0.47098047563264017
0.4845831028012432 0.47098047563264017
0.4845831028012432 0.47098047563264017
0.4879470457595147 0.47259759135025536
0.4879470457595147 0.4730325938082658
0.4879470457595147 0.4730325938082658
0.4879470457595147 0.4730325938082658
0.4879470457595147 0.473186700679533
0.49135225600458277 0.474815182625897
0.49135225600458277 0.47536956774896644
0.49135225600458277 0.47580414410997424
0.49135225600458277 0.47580414410997424
0.49135225600458277 0.476281912536881
0.4918667705378564 0.4786553107105212
0.4918667705378564 0.4786553107105212
0.4918667705378564 0.4786553107105212
0.4918667705378564 0.4786553107105212
0.4918667705378564 0.4786553107105212
0.4918667705378564 0.4786553107105212
0.4918667705378564 0.4786553107105212
0.4918667705378564 0.4786553107105212
0.4918667705378564 0.4786553107105212
0.4918667705378564 0.4786553107105212
0.4918667705378564 0.47902715571452253
0.4918667705378564 0.47902715571452253
0.4918667705378564 0.4814877344938273
0.4918667705378564 0.4814877344938273
0.4918667705378564 0.4814877344938273
0.4918667705378564 0.4814877344938273
0.4918667705378564 0.4814877344938273
0.4918667705378564 0.4814877344938273
0.4918667705378564 0.4814877344938273
0.4918667705378564 0.4814877344938273
0.4918667705378564 0.4814877344938273
0.4918667705378564 0.4814877344938273
0.4918667705378564 0.4814877344938273
0.4918667705378564 0.4814877344938273
0.4918667705378564 0.4814877344938273
0.4918667705378564 0.4814877344938273
0.4918667705378564 0.4814877344938273
0.4918667705378564 0.4814877344938273
0.4918667705378564 0.4814877344938273
0.4918667705378564 0.4814877344938273
0.4918667705378564 0.4814877344938273
0.4918667705378564 0.4814877344938273
0.4918667705378564 0.48509171416766594
0.4918667705378564 0.48509171416766594
0.4918667705378564 0.48509171416766594
0.4918667705378564 0.48509171416766594
0.4918667705378564 0.48509171416766594
0.4918667705378564 0.48509171416766594
0.4918667705378564 0.48509171416766594
0.4918667705378564 0.48509171416766594
0.4918667705378564 0.48509171416766594
0.4918667705378564 0.48509171416766594
0.4918667705378564 0.48509171416766594
0.4918667705378564 0.48509171416766594
0.4918667705378564 0.48509171416766594
0.4918667705378564 0.48509171416766594
0.4918667705378564 0.48509171416766594
0.4918667705378564 0.48509171416766594
0.4918667705378564 0.48509171416766594
0.4918667705378564 0.48509171416766594
0.4918667705378564 0.48509171416766594
0.4918667705378564 0.48509171416766594
0.4918667705378564 0.48509171416766594
0.4918667705378564 0.48509171416766594
0.4918667705378564 0.48509171416766594
0.4918667705378564 0.48509171416766594
0.4918667705378564 0.48509171416766594
0.4918667705378564 0.48509171416766594
0.4918667705378564 0.48509171416766594
Final fitness: 0.4918667705378564
[0.4, 0.08504617818532662, 0.00033411582401936257, 0.2925288397310966, 0.4616057477553094, 0.5048827589577405, 0.30447772339305534, 0.0, 0.28678409391637183, 0.09042132583602687, 0.09934162873395902, 0.0, 0.40016723474328897, 0.48928266110189234, 0.42233958286469375, 0.484902802621314, 0.2165539470818999, 0.0, 0.42950840448341, 0.49904903385027144, 0.09869286719649527, 0.047500452750650554, 0.10149827556796498, 0.2087329325226701, 0.1, 0.5, 0.0059786609852112566, 0.39842027182514345, 0.4917649669169657, 0.014669438064792461, 0.1, 0.38238405142120696, 0.2, 0.37920711154186726, 0.00782250555073738, 0.3985306590061356, 0.19994819266168762, 0.0, 0.4, 0.29730715922248624, 0.12989588204595398, 0.5, 0.27015496447151033, 0.4080567053936812, 0.17440510713760196, 0.10749282162392618, 0.06963703186323414, 0.2, 0.4342792210802832, 0.5245745161134129, 0.30381771352429376, 0.04527003796817827, 0.4, 0.5060343721084068, 0.49366135025507213, 0.4, 0.19946557584064947, 0.2, 0.5024539747382692, 0.10028790800474711, 0.09409648481432131, 0.5, 0.3, 0.19550121794233802, 0.289374215659456, 0.5, 0.5, 0.4, 0.05053978542515186, 0.3, 0.0019432977042146277, 0.3009635175930509, 0.4, 0.3975447649100951, 0.1, 0.4006321478052756, 0.09842785460380893, 0.0019204735353330893, 0.011996782690745826, 0.20026890924367421, 0.32494869261913367, 0.11088813434717709, 0.010156001075698202, 0.2824387479254079, 0.4038847423611849, 0.10341420053647071, 0.49936574956562074, 0.5044985784091335]
