1 5.0 [3, 4, 5]
2 2.0 [1, 3, 4]
3 17.0 [2, 5, 7]
4 7.0 [2, 3]
5 11.0 [2, 4]
(3, 4)
(2, 3)
(3, 5)
(2, 4)
(1, 5)
(4, 5)
(1, 4)
(1, 3)
(2, 5)
(1, 2)
1 11877.0 [1, 2, 3, 4, 5, 7]
2 12108.0 [1, 2, 3, 4, 5, 6, 7]
3 7911.0 [1, 2, 3, 5, 6, 7]
4 10369.0 [1, 2, 3, 4, 5, 6]
5 10218.0 [1, 2, 3, 4, 5, 6, 7]
6 10271.0 [1, 3, 4, 5, 6, 7]
7 9590.0 [1, 2, 4, 5, 6, 7]
8 10961.0 [1, 2, 3, 4, 5, 6, 7]
9 9920.0 [1, 2, 3, 4, 5, 6, 7]
10 9784.0 [1, 2, 3, 4, 5, 6, 7]
11 11074.0 [1, 2, 3, 4, 5, 6, 7]
12 10465.0 [1, 2, 3, 4, 5, 6, 7]
13 9808.0 [1, 2, 3, 4, 5, 6, 7]
1.4176164979835975 0.9348843384418605
1.5050520263200817 1.334952906870166
1.5050520263200817 1.334952906870166
1.5050520263200817 1.3364052935906041
1.5050520263200817 1.3391553630058148
1.5050520263200817 1.3455549639540987
1.5050520263200817 1.369410078742599
1.5050520263200817 1.369410078742599
1.5050520263200817 1.3703150962216788
1.5050520263200817 1.3760120320711313
1.5050520263200817 1.3760120320711313
1.5050520263200817 1.3760120320711313
1.5050520263200817 1.3760120320711313
1.5050520263200817 1.3760120320711313
1.5050520263200817 1.3760120320711313
1.5050520263200817 1.3785232957722455
1.5050520263200817 1.3785232957722455
1.5050520263200817 1.3785232957722455
1.5050520263200817 1.3796746445730286
1.5050520263200817 1.3838091710312634
1.5050520263200817 1.3838091710312634
1.5050520263200817 1.3878184671414036
1.5050520263200817 1.3942728226255459
1.5050520263200817 1.394580295848015
1.5050520263200817 1.394580295848015
1.5050520263200817 1.394580295848015
1.5050520263200817 1.394580295848015
1.5050520263200817 1.394580295848015
1.5050520263200817 1.394580295848015
1.5050520263200817 1.394580295848015
1.5050520263200817 1.394580295848015
1.5050520263200817 1.394580295848015
1.5050520263200817 1.394580295848015
1.5050520263200817 1.394580295848015
1.5050520263200817 1.394580295848015
1.5050520263200817 1.3953658050017599
1.5050520263200817 1.3953658050017599
1.5050520263200817 1.3972437449728623
1.5050520263200817 1.3972437449728623
1.5050520263200817 1.4005479453425558
1.5050520263200817 1.4005479453425558
1.5050520263200817 1.4005479453425558
1.5050520263200817 1.4005479453425558
1.5050520263200817 1.4031284910980413
1.5050520263200817 1.4059534636623026
1.5050520263200817 1.4059534636623026
1.5050520263200817 1.4067234305946297
1.5050520263200817 1.4067234305946297
1.5050520263200817 1.4190093876826646
1.5050520263200817 1.428300236961724
1.5050520263200817 1.428856258287793
1.5050520263200817 1.428856258287793
1.5050520263200817 1.4321287176426398
1.5050520263200817 1.4321287176426398
1.5050520263200817 1.4321287176426398
1.5050520263200817 1.4321287176426398
1.5050520263200817 1.4321287176426398
1.5050520263200817 1.4321287176426398
1.5050520263200817 1.4321287176426398
1.5050520263200817 1.4321287176426398
1.5050520263200817 1.4321287176426398
1.5050520263200817 1.4321287176426398
1.5050520263200817 1.4321287176426398
1.5050520263200817 1.4321287176426398
1.5050520263200817 1.4321287176426398
1.5050520263200817 1.4321287176426398
1.5050520263200817 1.4321287176426398
1.5050520263200817 1.4321287176426398
1.5050520263200817 1.4321287176426398
1.5050520263200817 1.4321287176426398
1.5050520263200817 1.4321287176426398
1.5050520263200817 1.4321287176426398
1.5050520263200817 1.4321287176426398
1.5050520263200817 1.4321287176426398
1.5050520263200817 1.4321287176426398
1.5050520263200817 1.4321287176426398
1.5050520263200817 1.4321287176426398
1.5050520263200817 1.4321287176426398
1.5050520263200817 1.4321287176426398
1.5050520263200817 1.4321287176426398
1.5050520263200817 1.4321287176426398
1.5050520263200817 1.4321287176426398
1.5050520263200817 1.4321287176426398
1.5050520263200817 1.4321287176426398
1.5050520263200817 1.4321287176426398
1.5050520263200817 1.4321287176426398
1.5050520263200817 1.4321287176426398
1.5050520263200817 1.4321287176426398
1.5050520263200817 1.4321287176426398
1.5050520263200817 1.4321287176426398
1.5050520263200817 1.4321287176426398
1.5050520263200817 1.4321287176426398
1.5050520263200817 1.4321287176426398
1.5050520263200817 1.4399145875526718
1.5050520263200817 1.4399145875526718
1.5050520263200817 1.4399145875526718
1.5050520263200817 1.4399145875526718
1.5050520263200817 1.4399145875526718
1.5050520263200817 1.4399145875526718
1.5050520263200817 1.4399145875526718
Final fitness: 1.5050520263200817
[0.09092751555476343, 0.3744028318097927, 0.42812897511802506, 0.026536763790707546, 0.0, 0.12345571998534083, 0.0967956983085605, 0.4913607029580001, 0.002353064845819014, 0.10399037235749511, 0.0042978379252102475, 0.2, 0.1812392353627939, 0.5, 0.07657148667500369, 0.1506364092124731, 0.3, 0.027942218541305585, 0.3372078031541289, 0.23498998586838743, 0.299999307775671, 0.2, 0.0961023370247108, 0.09548084700129655, 0.39677336805448316, 0.5115558191535584, 0.012539834203197828, 0.3, 0.3912811712300601, 0.007880927154150856, 0.20006977224021016, 0.0031641743204489925, 0.5206434540997193, 0.28901954442431604, 0.4, 0.012559231125445408, 0.1, 0.47999892325980803, 0.5, 0.47757166200603246, 0.19531854537784854, 0.18004303784540263, 0.40034374102391335, 0.19993432770355235, 0.03379692704332621, 0.39664424157513, 0.19327868730980163, 0.18936387600368618, 0.03186178973287121, 0.0028924477025085715, 0.01739766161366116, 0.1, 0.3878111772587976, 0.10459478631651248, 0.5, 0.33103034596129116, 0.2956477543332971, 0.17964259261759036, 0.1, 0.0003220591213960941, 0.5, 0.5, 0.4973646251005647, 0.5338065406395788, 0.48817438513317035]
