1 12.0 [2, 6, 8]
2 1.0 [3, 9]
3 9.0 [2, 3, 6]
4 14.0 [2, 4]
5 8.0 [2, 6, 8]
6 6.0 [1, 2, 9]
7 7.0 [4, 7, 8]
(4, 5)
(5, 6)
(1, 6)
(4, 7)
(6, 7)
(2, 3)
(2, 7)
(5, 7)
(2, 4)
(3, 4)
1 10152.0 [1, 3, 5, 6, 7, 8]
2 11469.0 [1, 4, 5, 6, 8, 9]
3 8586.0 [1, 2, 4, 5, 6, 7, 9]
4 10173.0 [1, 2, 4, 6, 7, 8, 9]
5 9545.0 [1, 2, 4, 6, 8, 9]
6 9075.0 [1, 2, 3, 5, 6, 8, 9]
7 10225.0 [2, 3, 4, 5, 7, 8]
8 8976.0 [1, 2, 3, 4, 7, 8]
9 10114.0 [1, 2, 4, 5, 6, 7, 8]
10 8520.0 [1, 2, 3, 5, 8, 9]
11 9423.0 [1, 2, 3, 5, 6, 8, 9]
12 10032.0 [1, 2, 4, 5, 7, 9]
13 10196.0 [1, 3, 4, 6, 7, 8]
14 11377.0 [1, 2, 3, 5, 6, 8]
0.5017893271201128 0.4081302348203242
0.5247898031923657 0.5027405514180722
0.5335512140512596 0.5124330178558308
0.5335512140512596 0.5124330178558308
0.5335512140512596 0.5124330178558308
0.5335512140512596 0.5124330178558308
0.5335512140512596 0.5124330178558308
0.5335512140512596 0.5124330178558308
0.5335512140512596 0.5124330178558308
0.5335512140512596 0.5124330178558308
0.5335512140512596 0.5124330178558308
0.5335512140512596 0.5124330178558308
0.5335512140512596 0.5124330178558308
0.5335512140512596 0.5124330178558308
0.5335512140512596 0.5124330178558308
0.5335512140512596 0.5124330178558308
0.5335512140512596 0.5124330178558308
0.5335512140512596 0.5124330178558308
0.5335512140512596 0.5124330178558308
0.5335512140512596 0.5124330178558308
0.5335512140512596 0.5124330178558308
0.5335512140512596 0.5124330178558308
0.5335512140512596 0.5124330178558308
0.5335512140512596 0.516642313577302
0.5335512140512596 0.5182849758730084
0.5335512140512596 0.5182849758730084
0.5335512140512596 0.5182849758730084
0.5335512140512596 0.5182849758730084
0.5335512140512596 0.5182849758730084
0.5335512140512596 0.5182849758730084
0.5335512140512596 0.5182849758730084
0.5335512140512596 0.5182849758730084
0.5335512140512596 0.5182849758730084
0.5335512140512596 0.5182849758730084
0.5335512140512596 0.518643510010244
0.5335512140512596 0.518643510010244
0.5335512140512596 0.518643510010244
0.5335512140512596 0.518643510010244
0.5335512140512596 0.518643510010244
0.5335512140512596 0.518643510010244
0.5335512140512596 0.518643510010244
0.5335512140512596 0.518643510010244
0.5335512140512596 0.518643510010244
0.5335512140512596 0.518643510010244
0.5335512140512596 0.518643510010244
0.5335512140512596 0.518643510010244
0.5335512140512596 0.518643510010244
0.5335512140512596 0.518643510010244
0.5335512140512596 0.518643510010244
0.5335512140512596 0.518643510010244
0.5335512140512596 0.518643510010244
0.5335512140512596 0.518643510010244
0.5335512140512596 0.518643510010244
0.5335512140512596 0.518643510010244
0.5335512140512596 0.518643510010244
0.5335512140512596 0.518643510010244
0.5335512140512596 0.518643510010244
0.5335512140512596 0.518643510010244
0.5335512140512596 0.518643510010244
0.5335512140512596 0.518643510010244
0.5335512140512596 0.5192899657741722
0.5335512140512596 0.5192899657741722
0.5335512140512596 0.5192899657741722
0.5335512140512596 0.5192899657741722
0.5335512140512596 0.5192899657741722
0.5335512140512596 0.5192899657741722
0.5335512140512596 0.5244814850785103
0.5335512140512596 0.5244814850785103
0.5335512140512596 0.5244814850785103
0.5335512140512596 0.5244814850785103
0.5335512140512596 0.5244814850785103
0.5335512140512596 0.5244814850785103
0.5335512140512596 0.5244814850785103
0.5335512140512596 0.5244814850785103
0.5335512140512596 0.5247530663218559
0.5335512140512596 0.5247530663218559
0.5335512140512596 0.5247530663218559
0.5335512140512596 0.5247530663218559
0.5335512140512596 0.5247530663218559
0.5335512140512596 0.5247530663218559
0.5335512140512596 0.5247530663218559
0.5335512140512596 0.5247530663218559
0.5335512140512596 0.5247530663218559
0.5335512140512596 0.5247530663218559
0.5335512140512596 0.5247530663218559
0.5335512140512596 0.5247530663218559
0.5335512140512596 0.5247530663218559
0.5335512140512596 0.5247530663218559
0.5335512140512596 0.5247530663218559
0.5335512140512596 0.5247530663218559
0.5335512140512596 0.5247530663218559
0.5335512140512596 0.5247530663218559
0.5335512140512596 0.5247530663218559
0.5335512140512596 0.5247530663218559
0.5335512140512596 0.5247530663218559
0.5335512140512596 0.5247530663218559
0.5335512140512596 0.5247530663218559
0.5335512140512596 0.5247530663218559
0.5335512140512596 0.5247530663218559
0.5335512140512596 0.5247530663218559
Final fitness: 0.5335512140512596
[0.1, 0.1, 0.1, 0.1, 0.2, 0.4, 0.4, 0.5, 0.0, 0.5, 0.5, 0.1, 0.1, 0.2, 0.0, 0.2, 0.5, 0.2, 0.4, 0.3, 0.4, 0.2, 0.3, 0.2, 0.5, 0.2, 0.3, 0.3, 0.3, 0.4, 0.2, 0.4, 0.5, 0.3, 0.2, 0.2, 0.5, 0.3, 0.3, 0.5, 0.0, 0.2, 0.1, 0.1, 0.3, 0.0, 0.0, 0.5, 0.4, 0.1, 0.1, 0.0, 0.2, 0.1, 0.3, 0.5, 0.2, 0.2, 0.5, 0.5, 0.0, 0.5, 0.1, 0.2, 0.0, 0.1, 0.2, 0.3, 0.5, 0.3, 0.0, 0.0, 0.0, 0.4, 0.2, 0.1, 0.0, 0.1, 0.3, 0.4, 0.2, 0.0, 0.4, 0.3, 0.2, 0.2, 0.4, 0.0, 0.0, 0.3, 0.0, 0.2, 0.0, 0.0, 0.0, 0.0, 0.0, 0.0]
