1 8.0 [6, 7]
2 8.0 [3, 5, 7]
3 8.0 [2, 3]
4 3.0 [3, 6, 7]
5 17.0 [2, 3, 7]
6 20.0 [1, 2]
7 10.0 [2, 3]
8 9.0 [1, 6, 7]
(1, 7)
(3, 4)
(2, 5)
(4, 5)
(1, 6)
(3, 5)
(2, 6)
1 9465.0 [1, 2, 3, 4, 5, 6, 7]
2 9475.0 [1, 2, 3, 4, 5, 7]
3 11501.0 [1, 2, 3, 4, 5, 6, 7]
4 9769.0 [2, 3, 4, 5, 6, 7]
5 10749.0 [1, 2, 3, 4, 5, 6, 7]
6 10288.0 [1, 2, 3, 4, 5, 7]
7 8571.0 [1, 2, 3, 4, 5, 7]
8 10903.0 [1, 2, 3, 4, 5, 6, 7]
9 11037.0 [2, 3, 4, 5, 6, 7]
10 9828.0 [1, 2, 3, 4, 5, 6, 7]
0.009789158781785929 0.009694408960313235
0.5096260535847745 0.009773916487274041
0.5216445058576242 0.009781050973029006
0.5216445058576242 0.009786760108239105
0.5216445058576242 0.009789158781785929
0.5216445058576242 0.009790293870655808
0.5216445058576242 0.009790293870655808
0.5216445058576242 0.009791469728602191
0.5216445058576242 0.00979523632588992
0.5216445058576242 0.009795600943993116
0.5216445058576242 0.009804610061664165
0.5216445058576242 0.3629389238754289
0.5216445058576242 0.3629389238754289
0.5216445058576242 0.3652974162937176
0.5216445058576242 0.3652974162937176
0.5216445058576242 0.3652974162937176
0.5216445058576242 0.3652974162937176
0.5216445058576242 0.3652974162937176
0.5216445058576242 0.3652974162937176
0.5216445058576242 0.38431913620960545
0.5216445058576242 0.38431913620960545
0.5216445058576242 0.3846181348489265
0.5216445058576242 0.39602608631188746
0.5216445058576242 0.39602608631188746
0.5216445058576242 0.4110701765823181
0.5216445058576242 0.4110701765823181
0.5216445058576242 0.4110701765823181
0.5306595552117833 0.44090382821489776
0.5306595552117833 0.44090382821489776
0.5306595552117833 0.4431249466497108
0.5306595552117833 0.4431249466497108
0.5306595552117833 0.4431249466497108
0.5306595552117833 0.4497081894486178
0.5306595552117833 0.4497081894486178
0.5306595552117833 0.4497081894486178
0.5306595552117833 0.4497081894486178
0.5306595552117833 0.4497081894486178
0.5306595552117833 0.4497081894486178
0.5306595552117833 0.4512342344849079
0.5306595552117833 0.45298245403474297
0.5306595552117833 0.45298245403474297
0.5306595552117833 0.45298245403474297
0.5306595552117833 0.45298245403474297
0.5306595552117833 0.45298245403474297
0.546813199714837 0.45378811243429024
0.546813199714837 0.4559797339064411
0.546813199714837 0.46173018567269986
0.546813199714837 0.47012353933833806
0.546813199714837 0.4745642863529535
0.546813199714837 0.4745642863529535
0.546813199714837 0.4745642863529535
0.546813199714837 0.4745642863529535
0.546813199714837 0.4745642863529535
0.546813199714837 0.4745642863529535
0.546813199714837 0.4745642863529535
0.546813199714837 0.4745642863529535
0.546813199714837 0.4745642863529535
0.546813199714837 0.4745642863529535
0.546813199714837 0.4745642863529535
0.546813199714837 0.4745642863529535
0.546813199714837 0.4745642863529535
0.546813199714837 0.4745642863529535
0.546813199714837 0.4745642863529535
0.546813199714837 0.4745642863529535
0.546813199714837 0.4745642863529535
0.546813199714837 0.4745642863529535
0.546813199714837 0.47547864654683203
0.546813199714837 0.47547864654683203
0.546813199714837 0.4796166370546715
0.546813199714837 0.4810574224001306
0.546813199714837 0.4810574224001306
0.546813199714837 0.4854463432003717
0.546813199714837 0.4854463432003717
0.546813199714837 0.4854463432003717
0.546813199714837 0.4854463432003717
0.546813199714837 0.4854463432003717
0.546813199714837 0.4854463432003717
0.546813199714837 0.4854463432003717
0.546813199714837 0.4854463432003717
0.546813199714837 0.4871698449419492
0.546813199714837 0.4871698449419492
0.546813199714837 0.4871698449419492
0.546813199714837 0.49441810109199613
0.546813199714837 0.49451524138851616
0.546813199714837 0.49451524138851616
0.546813199714837 0.49451524138851616
0.546813199714837 0.49451524138851616
0.546813199714837 0.49451524138851616
0.546813199714837 0.49451524138851616
0.546813199714837 0.4957819819916345
0.546813199714837 0.4957819819916345
0.546813199714837 0.4957819819916345
0.546813199714837 0.4957819819916345
0.546813199714837 0.4957819819916345
0.546813199714837 0.4957819819916345
0.546813199714837 0.4957819819916345
0.546813199714837 0.4957819819916345
0.546813199714837 0.4957819819916345
0.546813199714837 0.4957819819916345
0.546813199714837 0.4957819819916345
Final fitness: 0.546813199714837
[0.28271954951369577, 0.4125039116950725, 0.1, 0.005224864080957868, 0.09560381880893411, 0.16504185878360358, 0.20583150847859585, 0.3253571679609073, 0.11555538445482863, 0.009800507919590102, 0.001706481799376615, 0.1983772031998796, 0.03318166795516693, 0.19883214390327342, 0.1186681540780393, 0.3, 0.1858512404647828, 0.023085644679373546, 0.39121593648742436, 0.20435614572460153, 0.23072689814294706, 0.398116152375738, 0.09422263513924917, 0.09974752565167204, 0.3021838520733343, 0.04871531979154056, 0.4036037125375118, 0.20113938098538045, 0.10259565088533974, 0.00033448601334399013, 0.408456675619482, 0.5014096039631518, 0.007432282429634493, 0.18637193396975837, 0.2948939595149209, 0.16588180658227364, 0.06634308311585826, 0.5461279822680565, 0.004084245993763891, 0.10367126266725643, 0.5, 0.41099989921310487, 0.3, 0.3970871656738111, 0.31084689683196187, 0.4028550690881598, 0.14627011589811537, 0.19703684635560703, 0.4119051647889601, 0.04380206098767844, 0.4927602155905062, 0.03151459148516794, 0.1, 0.005395869730884285, 0.5303349757218982, 0.09954793499155715, 0.1, 0.2, 0.36197928521162864, 0.20123175641473895, 0.3, 0.0080690278506481, 0.002162542775991795, 0.0016941041399926027, 0.5, 0.0, 0.3866805465400046, 0.029577585006018925, 0.3709799308544669, 0.09892718163319389, 0.3969194832560449, 0.024778538635760072, 0.1, 0.08629797386181115, 0.06524484609012368, 0.5404966873671124, 0.37894504929231676, 0.38758502649431936, 0.0032642483300764635, 0.4]
