1 8.0 [5, 6]
2 15.0 [1, 5, 7]
3 9.0 [3, 5]
4 10.0 [5, 8]
5 8.0 [2, 5, 7]
6 16.0 [1, 2]
7 6.0 [2, 4, 7]
8 2.0 [1, 5]
(7, 8)
(6, 7)
(2, 6)
(2, 5)
(4, 7)
(2, 7)
(3, 4)
(3, 5)
(1, 8)
(2, 8)
1 9012.0 [1, 2, 3, 5, 6, 7, 8]
2 11902.0 [1, 2, 4, 5, 6, 7, 8]
3 9623.0 [1, 2, 3, 5, 6, 8]
4 8649.0 [1, 2, 3, 5, 7, 8]
5 9590.0 [2, 3, 4, 5, 7, 8]
6 10970.0 [1, 2, 4, 5, 6, 7, 8]
7 9349.0 [1, 2, 3, 4, 5, 6, 8]
8 10353.0 [1, 2, 4, 5, 6, 7, 8]
9 11031.0 [1, 2, 3, 5, 6, 7, 8]
10 10286.0 [1, 2, 3, 4, 5, 6, 8]
11 9974.0 [1, 3, 4, 5, 6, 7, 8]
0.4611657961170996 0.0097360457556487
0.47944586482013285 0.4613719621723084
0.47944586482013285 0.4627419731618509
0.47944586482013285 0.46279513824672625
0.47944586482013285 0.4630774652763907
0.47944586482013285 0.4630774652763907
0.47944586482013285 0.4653043038885157
0.47944586482013285 0.4674911775425335
0.47944586482013285 0.4674911775425335
0.47944586482013285 0.46771855541261853
0.47944586482013285 0.468017541473035
0.49047371864463457 0.4713523881509462
0.49047371864463457 0.47200063957598415
0.49047371864463457 0.4731957086030498
0.49047371864463457 0.4759376004113886
0.49047371864463457 0.4759376004113886
0.4936308826787746 0.4761638373230891
0.4936308826787746 0.4761638373230891
0.4936308826787746 0.4761638373230891
0.4936308826787746 0.4761638373230891
0.4936308826787746 0.4761638373230891
0.4936308826787746 0.4761638373230891
0.4936308826787746 0.4761638373230891
0.4936308826787746 0.4761638373230891
0.4936308826787746 0.4761638373230891
0.4936308826787746 0.4761638373230891
0.4936308826787746 0.4761638373230891
0.4936308826787746 0.4761638373230891
0.4936308826787746 0.4761638373230891
0.4936308826787746 0.4761638373230891
0.4936308826787746 0.4761638373230891
0.4936308826787746 0.4761638373230891
0.4936308826787746 0.4761638373230891
0.4936308826787746 0.4761638373230891
0.4936308826787746 0.4761638373230891
0.4936308826787746 0.4761638373230891
0.4936308826787746 0.4761638373230891
0.4936308826787746 0.4761638373230891
0.4936308826787746 0.4761638373230891
0.4936308826787746 0.4761638373230891
0.4936308826787746 0.4761638373230891
0.4936308826787746 0.4761638373230891
0.4936308826787746 0.4761638373230891
0.4936308826787746 0.4761638373230891
0.4936308826787746 0.4761638373230891
0.4936308826787746 0.4761638373230891
0.4936308826787746 0.476443795172993
0.4936308826787746 0.47762891435477217
0.4936308826787746 0.47762891435477217
0.4936308826787746 0.47762891435477217
0.4936308826787746 0.4780079688122221
0.4936308826787746 0.4780079688122221
0.4936308826787746 0.4780079688122221
0.4936308826787746 0.4780079688122221
0.4936308826787746 0.4789954318289914
0.4936308826787746 0.4789954318289914
0.4936308826787746 0.4789954318289914
0.4936308826787746 0.4789954318289914
0.4936308826787746 0.47918875170056346
0.4936308826787746 0.47918875170056346
0.4936308826787746 0.47918875170056346
0.4936308826787746 0.47918875170056346
0.4936308826787746 0.47918875170056346
0.4936308826787746 0.47918875170056346
0.4936308826787746 0.47918875170056346
0.4936308826787746 0.47918875170056346
0.4936308826787746 0.47918875170056346
0.4936308826787746 0.47918875170056346
0.4936308826787746 0.47918875170056346
0.4936308826787746 0.47918875170056346
0.4936308826787746 0.47918875170056346
0.4936308826787746 0.4792356303187988
0.4936308826787746 0.4792356303187988
0.4936308826787746 0.4800031849334144
0.4936308826787746 0.4800031849334144
0.4936308826787746 0.4800031849334144
0.4936308826787746 0.4800031849334144
0.4936308826787746 0.4800031849334144
0.4936308826787746 0.4800031849334144
0.4936308826787746 0.4800031849334144
0.4936308826787746 0.4800031849334144
0.4936308826787746 0.4800031849334144
0.4936308826787746 0.4800031849334144
0.4936308826787746 0.4800031849334144
0.4936308826787746 0.4800031849334144
0.4936308826787746 0.4800031849334144
0.4936308826787746 0.4800031849334144
0.4936308826787746 0.4800031849334144
0.4936308826787746 0.4800031849334144
0.4936308826787746 0.480185828167048
0.4936308826787746 0.480185828167048
0.4936308826787746 0.480185828167048
0.4936308826787746 0.480185828167048
0.4936308826787746 0.480185828167048
0.4936308826787746 0.480185828167048
0.4936308826787746 0.480185828167048
0.4936308826787746 0.480185828167048
0.4936308826787746 0.480185828167048
0.4936308826787746 0.480185828167048
0.4936308826787746 0.480185828167048
Final fitness: 0.4936308826787746
[0.19966159386593405, 0.009774910725283165, 0.19032395972483312, 0.09952687902423801, 0.39368810374765184, 0.1997414838168412, 0.4766760014416721, 0.19814453578872526, 0.38430029218213685, 0.2799189603827527, 0.511789862174041, 0.10495518365856012, 0.4693322374257297, 0.03638752401912532, 0.22501909131611603, 0.16767942337685776, 0.49585988324801994, 0.2391578883121845, 0.3986500893786282, 0.3001958231956216, 0.0, 0.30703683754829236, 0.5272558758255033, 0.3074147280421706, 0.39724874664232807, 0.5, 0.5162066938484764, 0.10970545218621666, 0.03512331723967044, 0.05154683005906144, 0.49176109022969344, 0.0019515495935943095, 0.22371885067561884, 0.030950768915212493, 0.5035554696223624, 0.07634635308224846, 0.11895999604231142, 0.2986016627282102, 0.40533965874119865, 0.082250398719496, 0.1005074374703111, 0.31065167456598963, 0.0, 0.39487209891820385, 0.40676941405994227, 0.0, 0.49699680960842746, 0.4867742188583992, 0.0161928103028407, 0.08917196250995083, 0.5239466783472653, 0.2941821728741229, 0.3264007939910579, 0.16920740989247052, 0.29999982255168717, 0.02507186027929822, 0.494548260580584, 0.5328588626438855, 0.4896315507742079, 0.5072354776858299, 0.002115950711613499, 0.0, 0.34036729577698144, 0.5027872637642912, 0.03671199984138415, 0.17271981768403025, 0.43157358991359324, 0.5012285591481559, 0.5428167206028827, 0.40309549628468816, 0.15109654163420283, 0.20399739380936702, 0.029447436051842635, 0.09966686117731624, 0.3815112490558567, 0.16261977612753076, 0.31260921661491003, 0.30142222720912754, 0.10300819312056138, 0.09876680072346244, 0.40758520871139603, 0.004324256420661192, 0.19726582346896998, 0.2828424787389911, 0.4050910694572937, 0.4217445534873564, 0.42071771501142785, 0.2970739455738892]
