1 5.0 [3, 4, 5]
2 2.0 [1, 3, 4]
3 17.0 [2, 5, 7]
4 7.0 [2, 3]
5 11.0 [2, 4]
(3, 4)
(2, 3)
(3, 5)
(2, 4)
(1, 5)
(4, 5)
(1, 4)
(1, 3)
(2, 5)
(1, 2)
1 11877.0 [1, 2, 3, 4, 5, 7]
2 12108.0 [1, 2, 3, 4, 5, 6, 7]
3 7911.0 [1, 2, 3, 5, 6, 7]
4 10369.0 [1, 2, 3, 4, 5, 6]
5 10218.0 [1, 2, 3, 4, 5, 6, 7]
6 10271.0 [1, 3, 4, 5, 6, 7]
7 9590.0 [1, 2, 4, 5, 6, 7]
8 10961.0 [1, 2, 3, 4, 5, 6, 7]
9 9920.0 [1, 2, 3, 4, 5, 6, 7]
10 9784.0 [1, 2, 3, 4, 5, 6, 7]
11 11074.0 [1, 2, 3, 4, 5, 6, 7]
12 10465.0 [1, 2, 3, 4, 5, 6, 7]
13 9808.0 [1, 2, 3, 4, 5, 6, 7]
1.4159880454508005 0.9890849991179682
1.531045564099355 1.340280843068675
1.531045564099355 1.340280843068675
1.531045564099355 1.3460925887590476
1.531045564099355 1.3460925887590476
1.531045564099355 1.3465095061806454
1.531045564099355 1.3568408887051815
1.531045564099355 1.358818073003269
1.531045564099355 1.3656186216729296
1.531045564099355 1.371670824800744
1.531045564099355 1.3752992457480058
1.531045564099355 1.3752992457480058
1.531045564099355 1.3752992457480058
1.531045564099355 1.3752992457480058
1.531045564099355 1.3752992457480058
1.531045564099355 1.3752992457480058
1.531045564099355 1.3752992457480058
1.531045564099355 1.3752992457480058
1.531045564099355 1.3752992457480058
1.531045564099355 1.3752992457480058
1.531045564099355 1.3752992457480058
1.531045564099355 1.3752992457480058
1.531045564099355 1.3752992457480058
1.531045564099355 1.39222474564376
1.531045564099355 1.39222474564376
1.531045564099355 1.39222474564376
1.531045564099355 1.3941814769380958
1.531045564099355 1.3941814769380958
1.531045564099355 1.3941814769380958
1.531045564099355 1.4118548706600442
1.531045564099355 1.4118548706600442
1.531045564099355 1.4118548706600442
1.531045564099355 1.4118548706600442
1.531045564099355 1.4118548706600442
1.531045564099355 1.4118548706600442
1.531045564099355 1.4118548706600442
1.531045564099355 1.4118548706600442
1.531045564099355 1.4166598548528724
1.531045564099355 1.4166598548528724
1.531045564099355 1.4166598548528724
1.531045564099355 1.4166598548528724
1.531045564099355 1.4166598548528724
1.531045564099355 1.4166598548528724
1.531045564099355 1.4190397427813355
1.531045564099355 1.4190397427813355
1.531045564099355 1.4190397427813355
1.531045564099355 1.4190397427813355
1.531045564099355 1.4190397427813355
1.5410630291198644 1.4502215168418078
1.5410630291198644 1.4502215168418078
1.5410630291198644 1.4502215168418078
1.5410630291198644 1.4502215168418078
1.5410630291198644 1.4502215168418078
1.5410630291198644 1.4502215168418078
1.5410630291198644 1.4502215168418078
1.5410630291198644 1.4502215168418078
1.5410630291198644 1.4502215168418078
1.5410630291198644 1.4502215168418078
1.5410630291198644 1.4502215168418078
1.5410630291198644 1.4502215168418078
1.5410630291198644 1.4502215168418078
1.5410630291198644 1.4502215168418078
1.5410630291198644 1.4665864840413352
1.5410630291198644 1.4665864840413352
1.5410630291198644 1.4665864840413352
1.5410630291198644 1.4665864840413352
1.5410630291198644 1.4665864840413352
1.5410630291198644 1.4665864840413352
1.5410630291198644 1.4665864840413352
1.5410630291198644 1.4665864840413352
1.5410630291198644 1.4665864840413352
1.5410630291198644 1.4665864840413352
1.5410630291198644 1.4665864840413352
1.5410630291198644 1.4665864840413352
1.5410630291198644 1.4665864840413352
1.5410630291198644 1.4665864840413352
1.5410630291198644 1.4665864840413352
1.5410630291198644 1.4665864840413352
1.5410630291198644 1.4665864840413352
1.5410630291198644 1.4665864840413352
1.5410630291198644 1.4665864840413352
1.5410630291198644 1.4665864840413352
1.5410630291198644 1.4665864840413352
1.5410630291198644 1.4665864840413352
1.5410630291198644 1.4665864840413352
1.5410630291198644 1.4665864840413352
1.5410630291198644 1.4665864840413352
1.5410630291198644 1.4665864840413352
1.5410630291198644 1.4665864840413352
1.5410630291198644 1.4665864840413352
1.5410630291198644 1.4665864840413352
1.5410630291198644 1.4665864840413352
1.5410630291198644 1.4665864840413352
1.5410630291198644 1.4665864840413352
1.5410630291198644 1.4665864840413352
1.5410630291198644 1.4665864840413352
1.5410630291198644 1.4665864840413352
1.5410630291198644 1.4665864840413352
1.5410630291198644 1.4665864840413352
1.5410630291198644 1.4665864840413352
Final fitness: 1.5410630291198644
[0.0, 0.20582251273880903, 0.2, 0.2, 0.3309665958728995, 0.5261488680009646, 0.1, 0.0, 0.3, 0.2, 0.1, 0.5, 0.20365913850321518, 0.11015280547414415, 0.4, 0.11877115618681366, 0.3001261688731785, 0.5, 0.4, 0.2832768465485257, 0.5, 0.10292667516819128, 0.29404596039536707, 0.1, 0.3, 0.2, 0.4, 0.1, 0.0, 0.5, 0.5, 0.4, 0.5, 0.1, 0.0, 0.19173241081392373, 0.5366581763958858, 0.1, 0.19859140262679922, 0.0014692309635110923, 0.5, 0.29295991834394014, 0.2, 0.5, 0.3, 0.4, 0.2, 0.0, 0.4, 0.2, 0.3, 0.2, 0.39836084009726985, 0.2995189368577499, 0.49014252527182584, 0.4, 0.2035689382290537, 0.0, 0.0, 0.4, 0.00026985025751701626, 0.48893877977072325, 0.1, 0.19981512855311048, 0.5]
