1 12.0 [2, 6, 8]
2 1.0 [3, 9]
3 9.0 [2, 3, 6]
4 14.0 [2, 4]
5 8.0 [2, 6, 8]
6 6.0 [1, 2, 9]
7 7.0 [4, 7, 8]
(4, 5)
(5, 6)
(1, 6)
(4, 7)
(6, 7)
(2, 3)
(2, 7)
(5, 7)
(2, 4)
(3, 4)
1 10152.0 [1, 3, 5, 6, 7, 8]
2 11469.0 [1, 4, 5, 6, 8, 9]
3 8586.0 [1, 2, 4, 5, 6, 7, 9]
4 10173.0 [1, 2, 4, 6, 7, 8, 9]
5 9545.0 [1, 2, 4, 6, 8, 9]
6 9075.0 [1, 2, 3, 5, 6, 8, 9]
7 10225.0 [2, 3, 4, 5, 7, 8]
8 8976.0 [1, 2, 3, 4, 7, 8]
9 10114.0 [1, 2, 4, 5, 6, 7, 8]
10 8520.0 [1, 2, 3, 5, 8, 9]
11 9423.0 [1, 2, 3, 5, 6, 8, 9]
12 10032.0 [1, 2, 4, 5, 7, 9]
13 10196.0 [1, 3, 4, 6, 7, 8]
14 11377.0 [1, 2, 3, 5, 6, 8]
0.5041282360626569 0.4469669207744626
0.5152064534156505 0.49906306535800854
0.5187258470487258 0.5019718253644359
0.5187258470487258 0.5027798381857591
0.5187258470487258 0.5040315516200049
0.5187258470487258 0.5040315516200049
0.5187258470487258 0.5040315516200049
0.5187258470487258 0.504260079739714
0.5187258470487258 0.504260079739714
0.5187258470487258 0.504260079739714
0.5187258470487258 0.504260079739714
0.5187258470487258 0.5052501108029595
0.5187258470487258 0.5060816915017791
0.5187258470487258 0.5066894786495225
0.5187258470487258 0.5066894786495225
0.5187258470487258 0.5073708725706808
0.5211830644359278 0.5090379905216892
0.5211830644359278 0.5092249526357902
0.5211830644359278 0.5096636723791674
0.5211830644359278 0.5098598127722642
0.5211830644359278 0.5098598127722642
0.5211830644359278 0.5098598127722642
0.5211830644359278 0.5098598127722642
0.5211830644359278 0.5098598127722642
0.5211830644359278 0.5098598127722642
0.5211830644359278 0.5100330610479267
0.5211830644359278 0.5100330610479267
0.5211830644359278 0.5100330610479267
0.5211830644359278 0.5100330610479267
0.5211830644359278 0.5100330610479267
0.5211830644359278 0.5100330610479267
0.5211830644359278 0.5100330610479267
0.5211830644359278 0.5100330610479267
0.5211830644359278 0.5100330610479267
0.5211830644359278 0.5100330610479267
0.5211830644359278 0.5100330610479267
0.5211830644359278 0.5100330610479267
0.5211830644359278 0.5100330610479267
0.5211830644359278 0.5100330610479267
0.5211830644359278 0.5105008630649459
0.5211830644359278 0.5105008630649459
0.5215470777921656 0.5119020129168083
0.5215470777921656 0.5119020129168083
0.5215470777921656 0.5119020129168083
0.5215470777921656 0.5119020129168083
0.5215470777921656 0.5119020129168083
0.5215470777921656 0.5119020129168083
0.5215470777921656 0.5121275063498796
0.5215470777921656 0.5131602683887863
0.5215470777921656 0.5131602683887863
0.5215470777921656 0.5131602683887863
0.5215470777921656 0.5131602683887863
0.5215470777921656 0.5131602683887863
0.5215470777921656 0.5131602683887863
0.5215470777921656 0.5131602683887863
0.5215470777921656 0.5131602683887863
0.5215470777921656 0.5131602683887863
0.5215470777921656 0.5146414429124689
0.5215470777921656 0.5146414429124689
0.5215470777921656 0.5146414429124689
0.5215470777921656 0.5146414429124689
0.5215470777921656 0.5146414429124689
0.5215470777921656 0.5146414429124689
0.5215470777921656 0.5146414429124689
0.5215470777921656 0.5146414429124689
0.5215470777921656 0.5146414429124689
0.5215470777921656 0.5146414429124689
0.5215470777921656 0.5146414429124689
0.5215470777921656 0.5146414429124689
0.5215470777921656 0.5146414429124689
0.5215470777921656 0.5146414429124689
0.5215470777921656 0.5146414429124689
0.5215470777921656 0.5146414429124689
0.5215470777921656 0.5146414429124689
0.5215470777921656 0.5146414429124689
0.5215470777921656 0.5146414429124689
0.5215470777921656 0.5146414429124689
0.5215470777921656 0.5146414429124689
0.5215470777921656 0.5146414429124689
0.5215470777921656 0.5146414429124689
0.5215470777921656 0.5152649437398309
0.5215470777921656 0.5152649437398309
0.5215470777921656 0.5154530665737976
0.5215470777921656 0.5154530665737976
0.5215470777921656 0.5154530665737976
0.5215470777921656 0.5154530665737976
0.5215470777921656 0.5154530665737976
0.5215470777921656 0.5154530665737976
0.5215470777921656 0.5154530665737976
0.5215470777921656 0.5154530665737976
0.5215470777921656 0.5154530665737976
0.5215470777921656 0.5154530665737976
0.5215470777921656 0.5154530665737976
0.5215470777921656 0.5154530665737976
0.5215470777921656 0.5154530665737976
0.5215470777921656 0.5154530665737976
0.5215470777921656 0.5154530665737976
0.5215470777921656 0.5154530665737976
0.5215470777921656 0.5154530665737976
0.5215470777921656 0.5154530665737976
Final fitness: 0.5215470777921656
[0.4, 0.5, 0.2, 0.1, 0.3, 0.2, 0.5, 0.1, 0.2, 0.5, 0.0, 0.1, 0.4, 0.0, 0.0, 0.2, 0.3, 0.1, 0.4, 0.4, 0.4, 0.4, 0.4, 0.1, 0.0, 0.1, 0.5, 0.3, 0.3, 0.0, 0.0, 0.1, 0.5, 0.2, 0.5, 0.2, 0.3, 0.1, 0.1, 0.2, 0.4, 0.1, 0.4, 0.3, 0.2, 0.0, 0.0, 0.1, 0.2, 0.4, 0.0, 0.0, 0.2, 0.3, 0.4, 0.2, 0.4, 0.1, 0.0, 0.4, 0.5, 0.5, 0.4, 0.5, 0.2, 0.3, 0.2, 0.2, 0.4, 0.1, 0.1, 0.5, 0.0, 0.1, 0.4, 0.0, 0.2, 0.0, 0.5, 0.4, 0.5, 0.5, 0.4, 0.3, 0.1, 0.0, 0.0, 0.5, 0.1, 0.4, 0.5, 0.3, 0.4, 0.2, 0.4, 0.1, 0.2, 0.4]
