1 6.0 [4, 6, 8]
2 16.0 [1, 4, 7]
3 17.0 [1, 5, 7]
4 2.0 [8, 9]
5 6.0 [2, 8, 9]
6 13.0 [1, 3]
7 17.0 [5, 7, 10]
8 9.0 [1, 3, 5]
9 10.0 [5, 8]
10 10.0 [4, 5]
(5, 7)
(8, 9)
(1, 2)
(4, 5)
(6, 10)
(8, 10)
(1, 4)
(3, 7)
1 19924.0 [7, 1, 2, 8, 3, 9]
2 20043.0 [1, 2, 6, 5, 7, 9]
3 20038.0 [2, 5, 3, 1, 8, 6]
4 20141.0 [3, 5, 8, 10, 6, 4]
5 19968.0 [5, 3, 8, 10, 7, 9]
6 19933.0 [8, 2, 3, 5, 10, 6]
7 20017.0 [8, 2, 5, 9, 6, 3]
8 6769.0 [2, 7]
9 6735.0 [9, 7]
10 6582.0 [6, 10]
11 6565.0 [2, 10]
12 6625.0 [4, 8]
13 3140.0 [10]
14 3423.0 [3]
15 3261.0 [4]
16 3266.0 [7]
17 3211.0 [7]
18 3484.0 [1]
19 3357.0 [10]
20 3408.0 [8]
0.009596180290412598 0.009475024160330763
0.009624404151837393 0.009549975709257691
0.00962528464258416 0.009569124242946578
0.009655260561007592 0.009590111473673672
0.009655260561007592 0.00959834290864468
0.009655260561007592 0.00959834290864468
0.009655260561007592 0.00959834290864468
0.009655260561007592 0.009599746975221653
0.009655260561007592 0.009599945387168879
0.009655260561007592 0.009599945387168879
0.009655260561007592 0.009599945387168879
0.009655260561007592 0.00960077679887129
0.009655260561007592 0.00960077679887129
0.009655260561007592 0.00960077679887129
0.009655260561007592 0.00960077679887129
0.009655260561007592 0.00960077679887129
0.009655260561007592 0.00960077679887129
0.009655260561007592 0.00960077679887129
0.009655260561007592 0.00960077679887129
0.009655260561007592 0.00960077679887129
0.009655260561007592 0.00960077679887129
0.009655260561007592 0.00960077679887129
0.009655260561007592 0.00960077679887129
0.009655260561007592 0.00960077679887129
0.009655260561007592 0.00960218502061258
0.009655260561007592 0.009602569535828408
0.009655260561007592 0.009604067311216425
0.009655260561007592 0.009604067311216425
0.009655260561007592 0.009604067311216425
0.009655260561007592 0.009604067311216425
0.009655260561007592 0.009604067311216425
0.009655260561007592 0.009604067311216425
0.009655260561007592 0.009604067311216425
0.009655260561007592 0.009605719376258407
0.009655260561007592 0.009605719376258407
0.009655260561007592 0.009605719376258407
0.009655260561007592 0.009605719376258407
0.009655260561007592 0.009605719376258407
0.009655260561007592 0.009607230491721758
0.009655260561007592 0.009607230491721758
0.009655260561007592 0.009607230491721758
0.009655260561007592 0.00960860137275763
0.009655260561007592 0.0096119955825848
0.009655260561007592 0.0096119955825848
0.009655260561007592 0.0096119955825848
0.009655260561007592 0.0096119955825848
0.009655260561007592 0.0096119955825848
0.009655260561007592 0.0096119955825848
0.009655260561007592 0.0096119955825848
0.009655260561007592 0.0096119955825848
0.009655260561007592 0.0096119955825848
0.009655260561007592 0.0096119955825848
0.009655260561007592 0.009612927574326179
0.009655260561007592 0.009613174333536048
0.009655260561007592 0.00961362233402779
0.009655260561007592 0.00961362233402779
0.009655260561007592 0.00961362233402779
0.009655260561007592 0.00961362233402779
0.009655260561007592 0.00961362233402779
0.009655260561007592 0.00961362233402779
0.009655260561007592 0.00961362233402779
0.009655260561007592 0.00961362233402779
0.009655260561007592 0.00961362233402779
0.009655260561007592 0.009613858202894713
0.009655260561007592 0.009613858202894713
0.009655260561007592 0.00961464374352396
0.009655260561007592 0.00961464374352396
0.009655260561007592 0.009614865628011015
0.009656482205047199 0.009616179707854626
0.009656482205047199 0.009616179707854626
0.009656482205047199 0.009616179707854626
0.009656482205047199 0.009616179707854626
0.009656482205047199 0.009616179707854626
0.009656482205047199 0.009616179707854626
0.009656482205047199 0.009616179707854626
0.009656482205047199 0.009616179707854626
0.009656482205047199 0.009616179707854626
0.009656482205047199 0.009616179707854626
0.009656482205047199 0.009616179707854626
0.009656482205047199 0.009616179707854626
0.009656482205047199 0.009616179707854626
0.009656482205047199 0.009616179707854626
0.009656482205047199 0.009616179707854626
0.009656482205047199 0.009616179707854626
0.009656482205047199 0.009616179707854626
0.009656482205047199 0.009616179707854626
0.009656482205047199 0.009616179707854626
0.009656482205047199 0.009616439510012897
0.009656482205047199 0.009616836660736306
0.009656482205047199 0.009616836660736306
0.009656482205047199 0.009616836660736306
0.009656482205047199 0.009616836660736306
0.009656482205047199 0.009616836660736306
0.009656482205047199 0.009616836660736306
0.009656482205047199 0.009616836660736306
0.009656482205047199 0.009616836660736306
0.009656482205047199 0.009616836660736306
0.009656482205047199 0.009616836660736306
0.009656482205047199 0.009616836660736306
0.009656482205047199 0.009616836660736306
0.009656482205047199 0.009616836660736306
0.009656482205047199 0.009616836660736306
0.009656482205047199 0.009616836660736306
0.009656482205047199 0.009616836660736306
0.009656482205047199 0.009616836660736306
0.009656482205047199 0.009616836660736306
0.009656482205047199 0.009616836660736306
0.009656482205047199 0.009616836660736306
0.009656482205047199 0.009616836660736306
0.009656482205047199 0.009616836660736306
0.009656482205047199 0.009616836660736306
0.009656482205047199 0.009616836660736306
0.009656482205047199 0.009616836660736306
0.009656482205047199 0.009616836660736306
0.009656482205047199 0.00961813862768831
0.009656482205047199 0.00961813862768831
0.009656482205047199 0.00961813862768831
0.009656482205047199 0.00961813862768831
0.009656482205047199 0.00961813862768831
0.009656482205047199 0.00961813862768831
0.009656482205047199 0.00961813862768831
0.009656482205047199 0.009618332276516225
0.009656482205047199 0.009618332276516225
0.009656482205047199 0.009618332276516225
0.009656482205047199 0.009618332276516225
0.009656482205047199 0.009618332276516225
0.009656482205047199 0.009618332276516225
0.009656482205047199 0.009618332276516225
0.009656482205047199 0.009618332276516225
0.009656482205047199 0.009618332276516225
0.009656482205047199 0.009618332276516225
0.009656482205047199 0.009618332276516225
0.009656482205047199 0.009618332276516225
0.009656482205047199 0.009618332276516225
0.009656482205047199 0.009618332276516225
0.009656482205047199 0.009618332276516225
0.009656482205047199 0.009618332276516225
0.009656482205047199 0.009618332276516225
0.009656482205047199 0.009618332276516225
0.009656482205047199 0.009618332276516225
0.009656482205047199 0.009618332276516225
0.009656482205047199 0.009618332276516225
0.009656482205047199 0.009618332276516225
0.009656482205047199 0.009618332276516225
0.009656482205047199 0.009618332276516225
0.009656482205047199 0.009618332276516225
0.009656482205047199 0.009618332276516225
0.009656482205047199 0.009618332276516225
0.009656482205047199 0.009618332276516225
0.009656482205047199 0.009618332276516225
0.009656482205047199 0.009618332276516225
0.009656482205047199 0.009618332276516225
0.009656482205047199 0.009618332276516225
0.009656482205047199 0.009618332276516225
0.009656482205047199 0.009618332276516225
0.009656482205047199 0.009618332276516225
0.009656482205047199 0.009618332276516225
0.009656482205047199 0.009618332276516225
0.009656482205047199 0.009618332276516225
0.009656482205047199 0.009618332276516225
0.009656482205047199 0.009618332276516225
0.009656482205047199 0.009618332276516225
0.009656482205047199 0.009618332276516225
0.009656482205047199 0.009618332276516225
0.009656482205047199 0.009618332276516225
0.009656482205047199 0.009618332276516225
0.009656482205047199 0.009618332276516225
0.009656482205047199 0.009618332276516225
0.009656482205047199 0.009618332276516225
0.009656482205047199 0.009618332276516225
0.009656482205047199 0.009618332276516225
0.009656482205047199 0.009618332276516225
0.009656482205047199 0.009618332276516225
0.009656482205047199 0.009620622586687867
0.009656482205047199 0.009620622586687867
0.009656482205047199 0.009620622586687867
0.009656482205047199 0.009620622586687867
0.009656482205047199 0.009620622586687867
0.009656482205047199 0.009620622586687867
0.009656482205047199 0.009620622586687867
0.009656482205047199 0.009620622586687867
0.009656482205047199 0.009620622586687867
0.009656482205047199 0.009620622586687867
0.009656482205047199 0.009620622586687867
0.009656482205047199 0.009620622586687867
0.009656482205047199 0.009620622586687867
0.009656482205047199 0.009620622586687867
0.009656482205047199 0.009620622586687867
0.009656482205047199 0.009620622586687867
0.009656482205047199 0.009620622586687867
0.009656482205047199 0.009620622586687867
0.009656482205047199 0.009620622586687867
0.009656482205047199 0.009620622586687867
0.009656482205047199 0.009620622586687867
0.009656482205047199 0.009620622586687867
0.009656482205047199 0.009620622586687867
0.009656482205047199 0.009622408565003382
0.009656482205047199 0.009622408565003382
0.009656482205047199 0.009622408565003382
0.009656482205047199 0.009622408565003382
0.009656482205047199 0.009622408565003382
0.009656482205047199 0.009622408565003382
0.009656482205047199 0.009622408565003382
0.009656482205047199 0.009622408565003382
0.009656482205047199 0.009622408565003382
0.009656482205047199 0.009622408565003382
0.009656482205047199 0.009622408565003382
0.009656482205047199 0.009624404151837393
0.009656482205047199 0.009624404151837393
0.009656482205047199 0.009624404151837393
0.009656482205047199 0.009624404151837393
0.009656482205047199 0.009624404151837393
0.009656482205047199 0.009624404151837393
0.009656482205047199 0.009624404151837393
0.009656482205047199 0.009624404151837393
0.009656482205047199 0.009624404151837393
0.009656482205047199 0.009624404151837393
0.009656482205047199 0.009624404151837393
0.009656482205047199 0.009624404151837393
0.009656482205047199 0.009624404151837393
0.009656482205047199 0.009624404151837393
0.009656482205047199 0.009624404151837393
0.009656482205047199 0.009624404151837393
0.009656482205047199 0.009624404151837393
0.009656482205047199 0.009624404151837393
0.009656482205047199 0.009624404151837393
0.009656482205047199 0.009624404151837393
0.009656482205047199 0.009624404151837393
0.009656482205047199 0.009624404151837393
0.009656482205047199 0.009625076134708506
0.009656482205047199 0.009625076134708506
0.009656482205047199 0.009625230015035903
0.009656482205047199 0.009625230015035903
0.009656482205047199 0.009625230015035903
0.009656482205047199 0.009625230015035903
0.009656482205047199 0.009625230015035903
0.009656482205047199 0.009625230015035903
0.009656482205047199 0.009625230015035903
0.009656482205047199 0.009625230015035903
0.009656482205047199 0.009625230015035903
0.009656482205047199 0.009625230015035903
0.009656482205047199 0.009625230015035903
0.009656482205047199 0.009625230015035903
0.009656482205047199 0.009625230015035903
0.009656482205047199 0.009625352740460334
0.009656482205047199 0.009625352740460334
0.009656482205047199 0.009625352740460334
0.009656482205047199 0.009625352740460334
0.009656482205047199 0.009625352740460334
0.009656482205047199 0.009625352740460334
0.009656482205047199 0.009625352740460334
0.009656482205047199 0.009625352740460334
0.009656482205047199 0.009625352740460334
0.009656482205047199 0.009625352740460334
0.009656482205047199 0.009625352740460334
0.009656482205047199 0.009625352740460334
0.009656482205047199 0.009625352740460334
0.009656482205047199 0.009625352740460334
0.009656482205047199 0.009625352740460334
0.009656482205047199 0.009625352740460334
0.009656482205047199 0.009625352740460334
0.009656482205047199 0.009625352740460334
0.009656482205047199 0.009625352740460334
0.009656482205047199 0.009625352740460334
0.009656482205047199 0.009625352740460334
0.009656482205047199 0.009625352740460334
0.009656482205047199 0.009625352740460334
0.009656482205047199 0.009625352740460334
0.009656482205047199 0.009625352740460334
0.009656482205047199 0.009625352740460334
0.009656482205047199 0.009625352740460334
0.009656482205047199 0.009625352740460334
0.009656482205047199 0.009625352740460334
0.009656482205047199 0.009625352740460334
0.009656482205047199 0.009625352740460334
0.009656482205047199 0.009625352740460334
0.009656482205047199 0.009625352740460334
0.009656482205047199 0.009625352740460334
0.009656482205047199 0.009625428618848924
0.009656482205047199 0.009625428618848924
0.009656482205047199 0.009625428618848924
0.009656482205047199 0.009625428618848924
0.009656482205047199 0.009625428618848924
0.009656482205047199 0.009625428618848924
0.009656482205047199 0.009625428618848924
0.009656482205047199 0.009625428618848924
0.009656482205047199 0.009625428618848924
0.009656482205047199 0.009625428618848924
0.009656482205047199 0.009625428618848924
0.009656482205047199 0.009625428618848924
0.009656482205047199 0.009625428618848924
0.009656482205047199 0.009625428618848924
0.009656482205047199 0.009625428618848924
0.009656482205047199 0.009625428618848924
0.009656482205047199 0.009625428618848924
0.009656482205047199 0.009625428618848924
0.009656482205047199 0.009625428618848924
0.009656482205047199 0.009625428618848924
0.009656482205047199 0.009625428618848924
0.009656482205047199 0.009625428618848924
0.009656482205047199 0.009625428618848924
0.009656482205047199 0.009625428618848924
0.009656482205047199 0.009628583965697216
0.009656482205047199 0.009628583965697216
0.009656482205047199 0.009628583965697216
0.009656482205047199 0.009628583965697216
0.009656482205047199 0.009628583965697216
0.009656482205047199 0.009628583965697216
0.009656482205047199 0.009628583965697216
0.009656482205047199 0.009628583965697216
0.009656482205047199 0.009628583965697216
0.009656482205047199 0.009628583965697216
0.009656482205047199 0.009628583965697216
0.009656482205047199 0.009628583965697216
0.009656482205047199 0.009628583965697216
0.009656482205047199 0.009628583965697216
0.009656482205047199 0.009628583965697216
0.009656482205047199 0.009628583965697216
0.009656482205047199 0.009628583965697216
0.009656482205047199 0.009628583965697216
Final fitness: 0.009656482205047199
[0.41464598169777056, 0.48948548598265185, 0.21175905950432533, 0.3858740196974084, 0.34990842821896956, 0.2, 0.4890744371931831, 0.10056502004004503, 0.3955638750564877, 0.20878898805836163, 0.10201348850192439, 0.5309436290167755, 0.41861851101773667, 0.09155947716427923, 0.6318061376694002, 0.5177790933109755, 0.5149203580814732, 0.07668148186969881, 0.4995967688553645, 0.1354608742042765, 0.2, 0.09227773932976341, 0.28186069904249983, 0.34424764533052327, 0.11710477410730226, 0.0023126532239384004, 0.5197954930954816, 0.1037540182615429, 0.2, 0.4, 0.4, 0.0002083959350627461, 0.2065549071477961, 0.1754181057375189, 0.3019788871073639, 0.008669915939987505, 0.4819942594998063, 0.29521125023253947, 0.09681896463178985, 0.2996863801818532, 0.1, 0.18654965102173993, 0.20123974225177543, 0.4907910473691607, 0.0032121093251013463, 0.2987205153462986, 0.19917674854686634, 0.45284240563299955, 0.023722843660730963, 0.5028025185624747, 0.4017592565795909, 0.205831440992758, 0.4188490463444628, 0.2999424079343302, 0.06497860536042993, 0.20719137750471464, 0.19504701776663547, 0.016486191846746434, 0.4036341270274839, 0.29007911538259973, 0.2, 0.09860103919754658, 0.2, 0.0028791944459037044, 0.20876219667134327, 0.49961631208150414, 0.48682606664849915, 0.4432359381362664, 0.11328594887531983, 0.3974811674472056, 0.38531497049428964, 0.007277951693443051, 0.2, 0.1994782788186971, 0.05342336287656851, 0.49425557678276744, 0.09996039024699767, 0.5218635724060904, 0.09740693290199268, 0.1765160032659345, 0.10020904320118644, 0.07938793370469556, 0.09158613183907269, 0.5263954269128346, 0.016650860864156167, 0.2962438496640027, 0.04293446180192176, 0.28958445883717643, 0.506343283085457, 0.5184540007242661, 0.5039035042313037, 0.08447543687564153, 0.02139253966358559, 0.501326060166439, 0.3, 0.2839148366174327, 0.30837192866328866, 0.3039274208268555, 0.21206667885521888, 0.02916918518560674, 0.2, 0.19956038608590146, 0.03877318664739743, 0.39982344242804185, 0.00015145872541805553, 0.18371512179827476, 0.2797029948632713, 0.026527690269722765, 0.40841860359021176, 0.0840059197332103, 0.3845132839815791, 0.19648039030879974, 0.19969800537886237, 0.40739680559232766, 0.4302434210481971, 0.30623464681738366, 0.18345233047495935, 0.30091521290411727, 0.4046652874441502, 0.0874155162839961, 0.10258932351179319, 0.2967698003319631, 0.20538648067761492, 0.10087877388468694, 0.5000443795259019, 0.512936341558506, 0.2951343715314195, 0.5061643269761148, 0.10006588886060622, 0.11475636843683837, 0.0005425001781476507, 0.3882591118869677, 0.404732587178073, 0.40305460639619517, 0.3047349220597205, 0.5013069152222063, 0.004494726414442492, 0.2699277292472465, 0.21582943391180526, 0.30802088794473803, 0.54984947664246, 0.40956312718033, 0.09192940077784979, 0.3361326182875825, 0.39846597878561213, 0.1087100647106976, 0.09938569235774145, 0.3909100559871729, 0.5320639504052637, 0.0004930557135930849, 0.49438186882361546, 0.2, 0.20303178678316225, 0.3063640021949531, 0.5895626460463004, 0.03629973348046105, 0.1955228479466935, 0.042560290114620536, 0.0227002161434319, 0.39668470494295716, 0.09555285870701552, 0.29466352067643936, 0.49561174183101947, 0.0008473211596342067, 0.018477322103029242, 0.2948582560723178, 0.29998270363123203, 0.4420715178388737, 0.09345274480747406, 0.11609127279135553, 0.48414766039202844, 0.40002999804803385, 0.19921111609364772, 0.07291900236766104, 0.19538724233693697, 0.13026549100849869, 0.40096719696311856, 0.10014929517989102, 0.19009239416923862, 0.37335216227810103, 0.16425359183938798, 0.5428275687086404, 0.41417611263851467, 0.02113622949470513, 0.4074998572925432, 0.2948959052713661, 0.4043027408411639, 0.3974482080723942, 0.0061075323827346414, 0.4999992240951395, 0.5498340470073361, 0.4743194430433092, 0.20103907422204498, 0.0, 0.21183584075514855, 0.3, 0.5260919561092552, 0.02737061199191476, 0.4392068246971863, 0.5305354869851768]
