1 7.0 [1, 4, 6]
2 9.0 [2, 6]
3 14.0 [1, 5]
4 0.0 [2, 4]
5 4.0 [5, 8]
6 7.0 [1, 7]
7 11.0 [1, 5]
8 3.0 [1, 2, 5]
9 10.0 [1, 4, 8]
10 10.0 [2, 5]
11 15.0 [1, 3, 4]
12 6.0 [4, 5]
13 12.0 [2, 7]
14 3.0 [1, 3, 4]
15 16.0 [4, 5, 6]
16 13.0 [1, 6, 8]
17 11.0 [4, 6, 8]
18 15.0 [3, 4]
19 5.0 [1, 7]
20 7.0 [1, 4, 5]
(13, 20)
(5, 7)
(9, 20)
(19, 20)
(8, 12)
(8, 17)
(15, 16)
(3, 4)
(12, 17)
(4, 16)
(4, 13)
(3, 9)
(8, 15)
(10, 13)
(15, 18)
(12, 18)
(17, 19)
(13, 15)
(17, 20)
(6, 16)
(9, 15)
(6, 13)
(4, 5)
(18, 20)
(13, 19)
(17, 18)
(7, 10)
(10, 16)
(13, 16)
(1, 3)
(1, 6)
(18, 19)
(12, 13)
(7, 15)
(16, 20)
(7, 19)
(14, 16)
(9, 11)
(14, 20)
(11, 20)
(6, 7)
(3, 11)
(9, 10)
(4, 8)
1 20083.0 [7, 5, 8, 6, 2, 1]
2 20166.0 [5, 2, 7, 3, 1, 6]
3 19913.0 [3, 1, 4, 6, 8, 2]
4 6812.0 [8, 5]
5 6803.0 [3, 5]
6 6587.0 [3, 8]
7 6545.0 [6, 8]
8 6758.0 [8, 5]
9 6751.0 [8, 5]
10 3424.0 [5]
0.23623305178389598 0.006912851637980256
0.23716846983487738 0.00804667115380436
0.23716846983487738 0.0095699161828562
0.23716846983487738 0.21709476657792098
0.23716846983487738 0.22035505873125075
0.23716846983487738 0.22438595976648004
0.24366146407839506 0.22794232876194967
0.24366146407839506 0.22900820544503017
0.24366146407839506 0.22900820544503017
0.24366146407839506 0.22900820544503017
0.24366146407839506 0.22900820544503017
0.24366146407839506 0.22900820544503017
0.24366146407839506 0.22903467538888247
0.24366146407839506 0.22903467538888247
0.24366146407839506 0.22903467538888247
0.24366146407839506 0.22903467538888247
0.24579782110649492 0.22972668528239074
0.24579782110649492 0.22972668528239074
0.24579782110649492 0.23019599349108028
0.24579782110649492 0.23054830546956218
0.24579782110649492 0.23075975407019103
0.24579782110649492 0.231004783177655
0.24579782110649492 0.23127599200064902
0.24579782110649492 0.2315337134705031
0.24579782110649492 0.2315337134705031
0.24579782110649492 0.2315337134705031
0.24579782110649492 0.2315337134705031
0.24579782110649492 0.2315337134705031
0.24579782110649492 0.2315337134705031
0.24579782110649492 0.2315337134705031
0.24579782110649492 0.23218818683595943
0.24579782110649492 0.23218818683595943
0.24579782110649492 0.23246291704703376
0.24579782110649492 0.23246291704703376
0.24579782110649492 0.23246291704703376
0.24579782110649492 0.23246291704703376
0.24579782110649492 0.23246291704703376
0.24579782110649492 0.23246291704703376
0.24579782110649492 0.23246291704703376
0.24579782110649492 0.23388596953394242
0.24579782110649492 0.23388596953394242
0.24579782110649492 0.23388596953394242
0.24579782110649492 0.23414600782042305
0.24579782110649492 0.23414600782042305
0.24579782110649492 0.23414600782042305
0.24605950493292403 0.2342231336341882
0.24605950493292403 0.23428748098778307
0.24605950493292403 0.23428748098778307
0.24605950493292403 0.23428748098778307
0.24605950493292403 0.23428748098778307
0.24605950493292403 0.23428748098778307
0.24605950493292403 0.23428748098778307
0.25629700233651637 0.23842949154125928
0.25629700233651637 0.23842949154125928
0.25629700233651637 0.23842949154125928
0.25629700233651637 0.23842949154125928
0.25629700233651637 0.23842949154125928
0.25629700233651637 0.23842949154125928
0.25629700233651637 0.23842949154125928
0.25629700233651637 0.23842949154125928
0.25629700233651637 0.23842949154125928
0.25629700233651637 0.23842949154125928
0.25629700233651637 0.23842949154125928
0.25629700233651637 0.23842949154125928
0.25629700233651637 0.23842949154125928
0.25629700233651637 0.23869943172707547
0.25629700233651637 0.23967923232835464
0.25629700233651637 0.24022278139404202
0.25629700233651637 0.24060056395401067
0.25629700233651637 0.24060056395401067
0.25629700233651637 0.24060056395401067
0.25629700233651637 0.24060056395401067
0.25629700233651637 0.24060056395401067
0.25629700233651637 0.24060056395401067
0.25629700233651637 0.24060056395401067
0.25629700233651637 0.24060056395401067
0.25629700233651637 0.24060056395401067
0.25629700233651637 0.24060056395401067
0.25629700233651637 0.24060056395401067
0.25629700233651637 0.2413208598227334
0.25629700233651637 0.2413208598227334
0.25629700233651637 0.2413208598227334
0.25629700233651637 0.2413208598227334
0.25629700233651637 0.2413208598227334
0.25629700233651637 0.2413208598227334
0.25629700233651637 0.2413208598227334
0.25629700233651637 0.2413208598227334
0.25629700233651637 0.2413208598227334
0.25629700233651637 0.2413208598227334
0.25629700233651637 0.2413208598227334
0.25629700233651637 0.24194994272880002
0.25629700233651637 0.24208041001535507
0.25629700233651637 0.24228550590841338
0.25629700233651637 0.24228550590841338
0.25629700233651637 0.24228550590841338
0.25629700233651637 0.24228550590841338
0.25629700233651637 0.24228550590841338
0.25629700233651637 0.24366146407839506
0.25629700233651637 0.24366146407839506
0.25629700233651637 0.24366547139065656
0.25629700233651637 0.24366547139065656
0.25629700233651637 0.24366547139065656
0.25629700233651637 0.24366547139065656
0.25629700233651637 0.24366547139065656
0.25629700233651637 0.2438565853092824
0.25629700233651637 0.2438565853092824
0.25629700233651637 0.2438565853092824
0.25629700233651637 0.2438565853092824
0.25629700233651637 0.2438565853092824
0.25629700233651637 0.2438565853092824
0.25629700233651637 0.2438565853092824
0.25629700233651637 0.2438565853092824
0.25629700233651637 0.2438565853092824
0.25629700233651637 0.2438565853092824
0.25629700233651637 0.2438565853092824
0.25629700233651637 0.24393854681291263
0.25629700233651637 0.24393854681291263
0.25629700233651637 0.24393854681291263
0.25629700233651637 0.24393854681291263
0.25629700233651637 0.24416812968248003
0.25629700233651637 0.24416812968248003
0.25629700233651637 0.24416812968248003
0.25629700233651637 0.24416812968248003
0.25629700233651637 0.24416812968248003
0.25629700233651637 0.24416812968248003
0.25629700233651637 0.24416812968248003
0.25629700233651637 0.24416812968248003
0.25629700233651637 0.24416812968248003
0.25629700233651637 0.24416812968248003
0.25629700233651637 0.24416812968248003
0.25629700233651637 0.24416812968248003
0.25629700233651637 0.24416812968248003
0.25629700233651637 0.24416812968248003
0.25629700233651637 0.24416812968248003
0.25629700233651637 0.24416812968248003
0.25629700233651637 0.24416812968248003
0.25629700233651637 0.24416812968248003
0.25629700233651637 0.24416812968248003
0.25629700233651637 0.24416812968248003
0.25629700233651637 0.24416812968248003
0.25629700233651637 0.24416812968248003
0.25629700233651637 0.24416812968248003
0.25629700233651637 0.24416812968248003
0.25629700233651637 0.24416812968248003
0.25629700233651637 0.24416812968248003
0.25629700233651637 0.24416812968248003
0.25629700233651637 0.24416812968248003
0.25629700233651637 0.24416812968248003
0.25629700233651637 0.24416812968248003
0.25629700233651637 0.24416812968248003
0.25629700233651637 0.24423548113127605
0.25629700233651637 0.24423548113127605
0.25629700233651637 0.24441942032816136
0.25629700233651637 0.24447414342290844
0.25629700233651637 0.24460889358399995
0.25629700233651637 0.24460889358399995
0.25629700233651637 0.24460889358399995
0.25629700233651637 0.24460889358399995
0.25629700233651637 0.24460889358399995
0.25629700233651637 0.24460889358399995
0.25629700233651637 0.24460889358399995
0.25629700233651637 0.24460889358399995
0.25629700233651637 0.24460889358399995
0.25629700233651637 0.24460889358399995
0.25629700233651637 0.24460889358399995
0.25629700233651637 0.24460889358399995
0.25629700233651637 0.24460889358399995
0.25629700233651637 0.24460889358399995
0.25629700233651637 0.24460889358399995
0.25629700233651637 0.24460889358399995
0.25629700233651637 0.24460889358399995
0.25629700233651637 0.24460889358399995
0.25629700233651637 0.24460889358399995
0.25629700233651637 0.24460889358399995
0.25629700233651637 0.24460889358399995
0.25629700233651637 0.2448023750469174
0.25629700233651637 0.2448023750469174
0.25629700233651637 0.2448023750469174
0.25629700233651637 0.24579782110649492
0.25629700233651637 0.24579782110649492
0.25629700233651637 0.24579782110649492
0.25629700233651637 0.24579782110649492
0.25629700233651637 0.24579782110649492
0.25629700233651637 0.24579782110649492
0.25629700233651637 0.24579782110649492
0.25629700233651637 0.24579782110649492
0.25629700233651637 0.24579782110649492
0.25629700233651637 0.24579782110649492
0.25629700233651637 0.24579782110649492
0.25629700233651637 0.24579782110649492
0.25629700233651637 0.24579782110649492
0.25629700233651637 0.24579782110649492
0.25629700233651637 0.24579782110649492
0.25629700233651637 0.24579782110649492
0.25629700233651637 0.24579782110649492
0.25629700233651637 0.24579782110649492
0.25629700233651637 0.24579782110649492
0.25629700233651637 0.24579782110649492
0.25629700233651637 0.24579782110649492
0.25629700233651637 0.24579782110649492
0.25629700233651637 0.24579782110649492
0.25629700233651637 0.24579782110649492
0.25629700233651637 0.24579782110649492
0.25629700233651637 0.24579782110649492
0.25629700233651637 0.24579782110649492
0.25629700233651637 0.24579782110649492
0.25629700233651637 0.24579782110649492
0.25629700233651637 0.24579782110649492
0.25629700233651637 0.24579782110649492
0.25629700233651637 0.24579782110649492
0.25629700233651637 0.24579782110649492
0.25629700233651637 0.24579782110649492
0.25629700233651637 0.24579782110649492
0.25629700233651637 0.24579782110649492
0.25858698981909345 0.24605950493292403
0.25858698981909345 0.246119331671168
0.25858698981909345 0.246119331671168
0.25858698981909345 0.246119331671168
0.25858698981909345 0.246119331671168
0.25858698981909345 0.246119331671168
0.25858698981909345 0.246119331671168
0.25858698981909345 0.246119331671168
0.25858698981909345 0.246119331671168
0.25858698981909345 0.246119331671168
0.25858698981909345 0.246119331671168
0.25858698981909345 0.246119331671168
0.25858698981909345 0.246119331671168
0.25858698981909345 0.246119331671168
0.25858698981909345 0.246119331671168
0.25858698981909345 0.246119331671168
0.25858698981909345 0.246119331671168
0.25858698981909345 0.246119331671168
0.25858698981909345 0.246119331671168
0.25858698981909345 0.246119331671168
0.25858698981909345 0.246119331671168
0.25858698981909345 0.246119331671168
0.25858698981909345 0.246119331671168
0.25858698981909345 0.246119331671168
0.25858698981909345 0.246119331671168
0.25858698981909345 0.246119331671168
0.25858698981909345 0.246119331671168
0.25858698981909345 0.246119331671168
0.25858698981909345 0.246119331671168
0.25858698981909345 0.246119331671168
0.25858698981909345 0.246119331671168
0.25858698981909345 0.246119331671168
0.25858698981909345 0.246119331671168
0.25858698981909345 0.246119331671168
0.25858698981909345 0.246119331671168
0.25858698981909345 0.246119331671168
0.25858698981909345 0.246119331671168
0.25858698981909345 0.246119331671168
0.25858698981909345 0.246119331671168
0.25858698981909345 0.246119331671168
0.25858698981909345 0.246119331671168
0.25858698981909345 0.246119331671168
0.25858698981909345 0.246119331671168
0.25858698981909345 0.246119331671168
0.25858698981909345 0.246119331671168
0.25858698981909345 0.246119331671168
0.25858698981909345 0.246119331671168
0.25858698981909345 0.246119331671168
0.25858698981909345 0.246119331671168
0.25858698981909345 0.246119331671168
0.25858698981909345 0.246119331671168
0.25858698981909345 0.246119331671168
0.25858698981909345 0.246119331671168
0.25858698981909345 0.246119331671168
0.25858698981909345 0.246119331671168
0.25858698981909345 0.246119331671168
0.25858698981909345 0.246119331671168
0.25858698981909345 0.246119331671168
0.25858698981909345 0.246119331671168
0.25858698981909345 0.246119331671168
0.25858698981909345 0.246119331671168
0.25858698981909345 0.246119331671168
0.25858698981909345 0.246119331671168
0.25858698981909345 0.246119331671168
0.25858698981909345 0.246119331671168
0.25858698981909345 0.246119331671168
0.25858698981909345 0.246119331671168
0.25858698981909345 0.246119331671168
0.25858698981909345 0.246119331671168
0.25858698981909345 0.246119331671168
0.25858698981909345 0.246119331671168
0.25858698981909345 0.246119331671168
0.25858698981909345 0.246119331671168
0.25858698981909345 0.246119331671168
0.25858698981909345 0.246119331671168
0.25858698981909345 0.246119331671168
0.25858698981909345 0.246119331671168
0.25858698981909345 0.246119331671168
0.25858698981909345 0.246119331671168
0.25858698981909345 0.246119331671168
0.25858698981909345 0.246119331671168
0.25858698981909345 0.246119331671168
0.25858698981909345 0.246119331671168
0.25858698981909345 0.246119331671168
0.25858698981909345 0.246119331671168
0.25858698981909345 0.246119331671168
0.25858698981909345 0.246119331671168
0.25858698981909345 0.246119331671168
0.25858698981909345 0.246119331671168
0.25858698981909345 0.246119331671168
0.25858698981909345 0.246119331671168
0.25858698981909345 0.246119331671168
0.25858698981909345 0.246119331671168
0.25858698981909345 0.246119331671168
0.25858698981909345 0.246119331671168
0.25858698981909345 0.246119331671168
0.25858698981909345 0.246119331671168
0.25858698981909345 0.24621329509664766
0.25858698981909345 0.24621329509664766
0.25858698981909345 0.24621329509664766
0.25858698981909345 0.24621329509664766
0.25858698981909345 0.24621329509664766
0.25858698981909345 0.24621329509664766
0.25858698981909345 0.24621329509664766
0.25858698981909345 0.24621329509664766
0.25858698981909345 0.24621329509664766
Final fitness: 0.25858698981909345
[0.5030892773099227, 0.06385386136615145, 0.019131923419529684, 0.08295377658316622, 0.00842798816105697, 0.36007823924028765, 0.0, 0.13714106558683445, 0.00457665184065946, 0.45965318965344654, 0.026689869661295273, 0.10763575660344035, 0.4, 0.5184876447751894, 0.2861728699262814, 0.0, 0.11569737834223731, 0.40625185004278164, 0.03592341276779853, 0.39954401836468845, 0.49988248660150625, 0.4065910640765846, 0.0021646375244315647, 0.19352058847812806, 0.012076943743854998, 0.1, 0.40445925721572806, 0.1, 0.39995848297176056, 0.3, 0.2004400097030105, 0.5, 0.3998476600228322, 0.1, 0.009554844219935243, 0.19074639737653284, 0.0830691114028349, 0.1, 0.3022061782661803, 0.07682214922530183, 0.1995652294888127, 0.5, 0.2, 0.2, 0.3843365141972948, 0.2, 0.1, 0.2160227918282134, 0.5397417158505728, 0.1, 0.1817010975139349, 6.421523919307947e-06, 0.19891454314377074, 0.1, 0.29957583064610366, 0.007181726113327132, 0.04540004292500348, 0.2942901181328617, 0.3008903113759576, 0.3938916018668258, 0.47565350055445, 0.2998850458780525, 0.19252424722555356, 0.1, 0.0944974120055327, 0.008731600676138693, 0.20368312549947087, 0.41127094162453964, 0.2, 0.2, 0.29938577767013064, 0.00475335862192465, 0.00017960850647113016, 0.014855309097883504, 0.47810212121596285, 0.3978097533674728, 0.38465063255198684, 0.2940019429377853, 0.2, 0.5033249550127911, 0.1910727466842412, 0.49978214001954646, 0.2839803103133697, 0.3952668727672238, 0.0011496285567154652, 0.39964406522969753, 0.5000145478804698, 0.23755491519167143, 0.5090314949600891, 0.10064820901469501, 0.19549244000178861, 0.010660811985354346, 0.5, 0.4, 0.3021274795985468, 0.39281999168615345, 0.06307448498535868, 0.40420467607518734, 0.0013906723839367252, 0.4174399790542963, 0.20552636781569134, 0.19606095834795373, 0.5, 0.40036322612788766, 0.004065757257092226, 0.5429160319144519, 0.00980874609731554, 0.09877447248910554, 0.49725317866192265, 0.1906630358311025, 0.2, 0.18922327276122766, 0.0022462636404606204, 0.3, 0.3010031662077481, 0.5117862168258637, 0.1, 0.4, 0.5163550405343437, 0.19573374295140927, 0.42371218480805795, 0.4930447396847785, 0.09823721661742112, 0.023296672943250045, 0.46672146891017885, 0.1993543047124413, 0.006565197624851138, 0.3, 0.3638594511922578, 0.19867703641223744, 0.019976192290318884, 0.3, 0.41754512203712657, 0.503858384060031, 0.20529137597039726, 0.0, 0.0004187568348273385, 0.4011427983234871, 0.20213116235055623, 0.0018779986489769196, 0.0012616211775099383, 0.08169995475326364, 0.02788916470507899, 0.0009259070237851164, 0.5, 0.1029481075076778, 0.4036291617972513, 0.0042235252983231775, 0.11186060104473172, 0.1942466894860059, 0.10493757018187916, 0.3, 0.5, 0.33378840600116727, 0.29558887851692717, 0.0, 0.18159469815622953, 0.5330102371612053, 0.09941071192078352, 0.001704582821728716, 0.09660360093017445, 0.4761990360708494, 0.4048617425525667, 0.300284931942621, 0.09394122947692926, 0.0, 0.008413918679793145, 0.509984501883255, 0.3119058808773341, 0.008553415946360212, 0.4, 0.1, 0.5, 0.1789549013013531, 0.0, 0.2011223652130761, 0.04983914678418902, 0.09593219978141182, 0.48255224600504193, 0.4124731084742399, 0.0997492207309984, 0.09361399715819171, 0.10527806479598126, 0.009890253429308118, 0.30039472918663274, 0.30234787061671514, 0.11148936483364492, 0.01831418483637997, 0.30063643609701274, 0.5066567573692538, 0.2, 0.3991984707357347, 0.4008906377853578, 0.3999875079478928, 0.3104943055777042, 0.40598187976264394, 0.29882912849695176, 0.06929775066940708, 0.3014493477179247, 0.49447991887716236]
