1 7.0 [1, 4, 6]
2 9.0 [2, 6]
3 14.0 [1, 5]
4 0.0 [2, 4]
5 4.0 [5, 8]
6 7.0 [1, 7]
7 11.0 [1, 5]
8 3.0 [1, 2, 5]
9 10.0 [1, 4, 8]
10 10.0 [2, 5]
11 15.0 [1, 3, 4]
12 6.0 [4, 5]
13 12.0 [2, 7]
14 3.0 [1, 3, 4]
15 16.0 [4, 5, 6]
16 13.0 [1, 6, 8]
17 11.0 [4, 6, 8]
18 15.0 [3, 4]
19 5.0 [1, 7]
20 7.0 [1, 4, 5]
(13, 20)
(5, 7)
(9, 20)
(19, 20)
(8, 12)
(8, 17)
(15, 16)
(3, 4)
(12, 17)
(4, 16)
(4, 13)
(3, 9)
(8, 15)
(10, 13)
(15, 18)
(12, 18)
(17, 19)
(13, 15)
(17, 20)
(6, 16)
(9, 15)
(6, 13)
(4, 5)
(18, 20)
(13, 19)
(17, 18)
(7, 10)
(10, 16)
(13, 16)
(1, 3)
(1, 6)
(18, 19)
(12, 13)
(7, 15)
(16, 20)
(7, 19)
(14, 16)
(9, 11)
(14, 20)
(11, 20)
(6, 7)
(3, 11)
(9, 10)
(4, 8)
1 20083.0 [7, 5, 8, 6, 2, 1]
2 20166.0 [5, 2, 7, 3, 1, 6]
3 19913.0 [3, 1, 4, 6, 8, 2]
4 6812.0 [8, 5]
5 6803.0 [3, 5]
6 6587.0 [3, 8]
7 6545.0 [6, 8]
8 6758.0 [8, 5]
9 6751.0 [8, 5]
10 3424.0 [5]
0.23619227481943553 0.0064751973777722235
0.23689016218717251 0.00871383721035437
0.23689016218717251 0.009560124520320791
0.23689016218717251 0.009577144773459237
0.2379050788214717 0.20868809250551817
0.2395569290768947 0.21514013510475333
0.2395569290768947 0.21696066529887525
0.2540526668474821 0.22159718869057868
0.2540526668474821 0.22628310815869906
0.2540526668474821 0.23304427665458272
0.2540526668474821 0.23519659728411837
0.2540526668474821 0.23519659728411837
0.2540526668474821 0.23519659728411837
0.2540526668474821 0.23519659728411837
0.2540526668474821 0.23519659728411837
0.2540526668474821 0.23519659728411837
0.2540526668474821 0.2353357379058899
0.2540526668474821 0.2353357379058899
0.2540526668474821 0.2353357379058899
0.2540526668474821 0.2353357379058899
0.2540526668474821 0.2353357379058899
0.2540526668474821 0.235451594844047
0.2540526668474821 0.23711692928744393
0.2540526668474821 0.23711692928744393
0.2540526668474821 0.23711692928744393
0.2540526668474821 0.23711692928744393
0.2540526668474821 0.23711692928744393
0.2540526668474821 0.23711692928744393
0.2540526668474821 0.23711692928744393
0.2540526668474821 0.23811883708973355
0.2540526668474821 0.23811883708973355
0.2540526668474821 0.23811883708973355
0.2540526668474821 0.23811883708973355
0.2540526668474821 0.23811883708973355
0.2540526668474821 0.23811883708973355
0.2540526668474821 0.23811883708973355
0.2540526668474821 0.23811883708973355
0.2540526668474821 0.23811883708973355
0.2540526668474821 0.23811883708973355
0.2540526668474821 0.23811883708973355
0.2540526668474821 0.23811883708973355
0.2540526668474821 0.23811883708973355
0.2540526668474821 0.23811883708973355
0.2540526668474821 0.23811883708973355
0.2540526668474821 0.23811883708973355
0.2540526668474821 0.23811883708973355
0.2540526668474821 0.23811883708973355
0.2540526668474821 0.23811883708973355
0.2540526668474821 0.23811883708973355
0.2540526668474821 0.23811883708973355
0.2540526668474821 0.23811883708973355
0.2540526668474821 0.23811883708973355
0.2540526668474821 0.23811883708973355
0.2540526668474821 0.23811883708973355
0.2540526668474821 0.23811883708973355
0.2540526668474821 0.23811883708973355
0.2540526668474821 0.23811883708973355
0.2540526668474821 0.23811883708973355
0.2540526668474821 0.23811883708973355
0.2540526668474821 0.23811883708973355
0.2540526668474821 0.23811883708973355
0.2540526668474821 0.23811883708973355
0.2540526668474821 0.23811883708973355
0.2540526668474821 0.23811883708973355
0.2540526668474821 0.23811883708973355
0.2540526668474821 0.23811883708973355
0.2540526668474821 0.23811883708973355
0.2540526668474821 0.23811883708973355
0.2540526668474821 0.23811883708973355
0.2540526668474821 0.23811883708973355
0.2540526668474821 0.23811883708973355
0.2540526668474821 0.23811883708973355
0.2540526668474821 0.23811883708973355
0.2540526668474821 0.23811883708973355
0.2540526668474821 0.23811883708973355
0.2540526668474821 0.23811883708973355
0.2540526668474821 0.23811883708973355
0.2540526668474821 0.23811883708973355
0.2540526668474821 0.23811883708973355
0.2540526668474821 0.23811883708973355
0.2540526668474821 0.23811883708973355
0.2540526668474821 0.23811883708973355
0.2540526668474821 0.23811883708973355
0.2540526668474821 0.23811883708973355
0.2540526668474821 0.23811883708973355
0.2540526668474821 0.23811883708973355
0.2540526668474821 0.23811883708973355
0.2540526668474821 0.23811883708973355
0.2540526668474821 0.23811883708973355
0.2540526668474821 0.23811883708973355
0.2540526668474821 0.23811883708973355
0.2540526668474821 0.23811883708973355
0.2540526668474821 0.23811883708973355
0.2540526668474821 0.23811883708973355
0.2540526668474821 0.23811883708973355
0.2540526668474821 0.23811883708973355
0.2540526668474821 0.23811883708973355
0.2540526668474821 0.23811883708973355
0.2540526668474821 0.23811883708973355
0.2540526668474821 0.23811883708973355
0.2540526668474821 0.23811883708973355
0.2540526668474821 0.23811883708973355
0.2540526668474821 0.23811883708973355
0.2540526668474821 0.23811883708973355
0.2540526668474821 0.23811883708973355
0.2540526668474821 0.23811883708973355
0.2540526668474821 0.23811883708973355
0.2540526668474821 0.23811883708973355
0.2540526668474821 0.23811883708973355
0.2540526668474821 0.23811883708973355
0.2540526668474821 0.23811883708973355
0.2540526668474821 0.23811883708973355
0.2540526668474821 0.23811883708973355
0.2540526668474821 0.23811883708973355
0.2540526668474821 0.23811883708973355
0.2540526668474821 0.23811883708973355
0.2540526668474821 0.23811883708973355
0.2540526668474821 0.23811883708973355
0.2540526668474821 0.23811883708973355
0.2540526668474821 0.23811883708973355
0.2540526668474821 0.23811883708973355
0.2540526668474821 0.23811883708973355
0.2540526668474821 0.23811883708973355
0.2540526668474821 0.23811883708973355
0.2540526668474821 0.23811883708973355
0.2540526668474821 0.23811883708973355
0.2540526668474821 0.23811883708973355
0.2540526668474821 0.23811883708973355
0.2540526668474821 0.23811883708973355
0.2540526668474821 0.23811883708973355
0.2540526668474821 0.23811883708973355
0.2540526668474821 0.23811883708973355
0.2540526668474821 0.23811883708973355
0.2540526668474821 0.23811883708973355
0.2540526668474821 0.23811883708973355
0.2540526668474821 0.23811883708973355
0.2540526668474821 0.23811883708973355
0.2540526668474821 0.23811883708973355
0.2540526668474821 0.23811883708973355
0.2540526668474821 0.23811883708973355
0.2540526668474821 0.23811883708973355
0.2540526668474821 0.23811883708973355
0.2540526668474821 0.23811883708973355
0.2540526668474821 0.23811883708973355
0.2540526668474821 0.23811883708973355
0.2540526668474821 0.23811883708973355
0.2540526668474821 0.23811883708973355
0.2540526668474821 0.23811883708973355
0.2540526668474821 0.23811883708973355
0.2540526668474821 0.23811883708973355
0.2540526668474821 0.23811883708973355
0.2540526668474821 0.23811883708973355
0.2540526668474821 0.23811883708973355
0.2540526668474821 0.23811883708973355
0.2540526668474821 0.23811883708973355
0.2540526668474821 0.23811883708973355
0.2540526668474821 0.23811883708973355
0.2540526668474821 0.23811883708973355
0.2540526668474821 0.23811883708973355
0.2540526668474821 0.23811883708973355
0.2540526668474821 0.23811883708973355
0.2540526668474821 0.23811883708973355
0.2540526668474821 0.23811883708973355
0.2540526668474821 0.23811883708973355
0.2540526668474821 0.23811883708973355
0.2540526668474821 0.23811883708973355
0.2540526668474821 0.23811883708973355
0.2540526668474821 0.23811883708973355
0.2540526668474821 0.23811883708973355
0.2540526668474821 0.23811883708973355
0.2540526668474821 0.23811883708973355
0.2540526668474821 0.23811883708973355
0.2540526668474821 0.23811883708973355
0.2540526668474821 0.23811883708973355
0.2540526668474821 0.23811883708973355
0.2540526668474821 0.2384715174820512
0.2540526668474821 0.2384715174820512
0.2540526668474821 0.2384715174820512
0.2540526668474821 0.2384715174820512
0.2540526668474821 0.2384715174820512
0.2540526668474821 0.2384715174820512
0.2540526668474821 0.2384715174820512
0.2540526668474821 0.2384715174820512
0.2540526668474821 0.2384715174820512
0.2540526668474821 0.2384715174820512
0.2540526668474821 0.2384715174820512
0.2540526668474821 0.24042485142428557
0.2540526668474821 0.2407380974736088
0.2540526668474821 0.2407380974736088
0.2540526668474821 0.2407380974736088
0.2540526668474821 0.2407380974736088
0.2540526668474821 0.2407380974736088
0.2540526668474821 0.2407380974736088
0.2540526668474821 0.2407380974736088
0.2540526668474821 0.2407380974736088
0.2540526668474821 0.2407380974736088
0.2540526668474821 0.2407380974736088
0.2540526668474821 0.2407380974736088
0.2540526668474821 0.2407380974736088
0.2540526668474821 0.2407380974736088
0.2540526668474821 0.2407380974736088
0.2540526668474821 0.2407380974736088
0.2540526668474821 0.2407380974736088
0.2540526668474821 0.2407380974736088
0.2540526668474821 0.2407380974736088
0.2540526668474821 0.2407380974736088
0.2540526668474821 0.2407380974736088
0.2540526668474821 0.2407380974736088
0.2540526668474821 0.2407380974736088
0.2540526668474821 0.2407380974736088
0.2540526668474821 0.2407380974736088
0.2540526668474821 0.2407380974736088
0.2540526668474821 0.2407380974736088
0.2540526668474821 0.2407380974736088
0.2540526668474821 0.2407380974736088
0.2540526668474821 0.2407380974736088
0.2540526668474821 0.2407380974736088
0.2540526668474821 0.2407380974736088
0.2540526668474821 0.2407380974736088
0.2540526668474821 0.2407380974736088
0.2540526668474821 0.2407380974736088
0.2540526668474821 0.2407380974736088
0.2540526668474821 0.2407380974736088
0.2540526668474821 0.2407380974736088
0.2540526668474821 0.2407380974736088
0.2540526668474821 0.2407380974736088
0.2540526668474821 0.2407380974736088
0.2540526668474821 0.2407380974736088
0.2540526668474821 0.2407380974736088
0.2540526668474821 0.2407380974736088
0.2540526668474821 0.2407380974736088
0.2540526668474821 0.2407380974736088
0.2540526668474821 0.2407380974736088
0.2540526668474821 0.2407380974736088
0.2540526668474821 0.2407380974736088
0.2540526668474821 0.2407380974736088
0.2540526668474821 0.2407380974736088
0.2540526668474821 0.2407380974736088
0.2540526668474821 0.2407380974736088
0.2540526668474821 0.2407380974736088
0.2540526668474821 0.2407380974736088
0.2540526668474821 0.2407380974736088
0.2540526668474821 0.2407380974736088
0.2540526668474821 0.2407380974736088
0.2540526668474821 0.2407380974736088
0.2540526668474821 0.2407380974736088
0.2540526668474821 0.2407380974736088
0.2540526668474821 0.2407380974736088
0.2540526668474821 0.2407380974736088
0.2540526668474821 0.2407380974736088
0.2540526668474821 0.2407380974736088
0.2540526668474821 0.2407380974736088
0.2540526668474821 0.2407380974736088
0.2540526668474821 0.2407380974736088
0.2540526668474821 0.2407380974736088
0.2540526668474821 0.2407380974736088
0.2540526668474821 0.2407380974736088
0.2540526668474821 0.2407380974736088
0.2540526668474821 0.2407380974736088
0.2540526668474821 0.2407380974736088
0.2540526668474821 0.2407380974736088
0.2540526668474821 0.2407380974736088
0.2540526668474821 0.2407380974736088
0.2540526668474821 0.2407380974736088
0.2540526668474821 0.2407380974736088
0.2540526668474821 0.2407380974736088
0.2540526668474821 0.2407380974736088
0.2540526668474821 0.2407380974736088
0.2540526668474821 0.2407380974736088
0.2540526668474821 0.2407380974736088
0.2540526668474821 0.2407380974736088
0.2540526668474821 0.2407380974736088
0.2540526668474821 0.2407380974736088
0.2540526668474821 0.2407380974736088
0.2540526668474821 0.2407380974736088
0.2540526668474821 0.2407380974736088
0.2540526668474821 0.2407380974736088
0.2540526668474821 0.2407380974736088
0.2540526668474821 0.2407380974736088
0.2540526668474821 0.2407380974736088
0.2540526668474821 0.2407380974736088
0.2540526668474821 0.2407380974736088
0.2540526668474821 0.2407380974736088
0.2540526668474821 0.2407380974736088
0.2540526668474821 0.2407380974736088
0.2540526668474821 0.2407380974736088
0.2540526668474821 0.2407380974736088
0.2540526668474821 0.2407380974736088
0.2540526668474821 0.2407380974736088
0.2540526668474821 0.2407380974736088
0.2540526668474821 0.2407380974736088
0.2540526668474821 0.2407380974736088
0.2540526668474821 0.2407380974736088
0.2540526668474821 0.2407380974736088
0.2540526668474821 0.2407380974736088
0.2540526668474821 0.24474495874827906
0.2540526668474821 0.24474495874827906
0.2540526668474821 0.24474495874827906
0.2540526668474821 0.24474495874827906
0.2540526668474821 0.24474495874827906
0.2540526668474821 0.24474495874827906
0.2540526668474821 0.24474495874827906
0.2540526668474821 0.24474495874827906
0.2540526668474821 0.24474495874827906
0.2540526668474821 0.24474495874827906
0.2540526668474821 0.24474495874827906
0.2540526668474821 0.24474495874827906
0.2540526668474821 0.24474495874827906
0.2540526668474821 0.24474495874827906
0.2540526668474821 0.24474495874827906
0.2540526668474821 0.24474495874827906
0.2540526668474821 0.24474495874827906
0.2540526668474821 0.24474495874827906
0.2540526668474821 0.24474495874827906
0.2540526668474821 0.24474495874827906
0.2540526668474821 0.24474495874827906
0.2540526668474821 0.24474495874827906
0.2540526668474821 0.24474495874827906
0.2540526668474821 0.24474495874827906
0.2540526668474821 0.24474495874827906
Final fitness: 0.2540526668474821
[0.1, 0.2, 0.3, 0.0, 0.3, 0.5, 0.3, 0.5, 0.4, 0.4, 0.0, 0.4, 0.1, 0.4, 0.4, 0.5, 0.0, 0.2, 0.5, 0.3, 0.4, 0.4, 0.2, 0.5, 0.0, 0.4, 0.5, 0.0, 0.5, 0.2, 0.1, 0.5, 0.0, 0.3, 0.2, 0.5, 0.5, 0.2, 0.5, 0.4, 0.4, 0.4, 0.3, 0.1, 0.2, 0.2, 0.4, 0.0, 0.1, 0.4, 0.4, 0.5, 0.4, 0.4, 0.0, 0.4, 0.4, 0.4, 0.0, 0.3, 0.1, 0.3, 0.2, 0.1, 0.4, 0.3, 0.4, 0.2, 0.2, 0.1, 0.5, 0.1, 0.3, 0.5, 0.1, 0.2, 0.2, 0.3, 0.4, 0.1, 0.1, 0.5, 0.0, 0.5, 0.4, 0.5, 0.5, 0.1, 0.0, 0.4, 0.4, 0.2, 0.2, 0.2, 0.3, 0.1, 0.5, 0.4, 0.1, 0.3, 0.3, 0.4, 0.3, 0.2, 0.1, 0.1, 0.1, 0.2, 0.4, 0.1, 0.0, 0.3, 0.1, 0.4, 0.5, 0.4, 0.5, 0.1, 0.2, 0.4, 0.3, 0.3, 0.5, 0.1, 0.0, 0.5, 0.1, 0.5, 0.2, 0.5, 0.1, 0.1, 0.4, 0.0, 0.0, 0.4, 0.2, 0.1, 0.0, 0.0, 0.0, 0.4, 0.3, 0.1, 0.4, 0.2, 0.1, 0.3, 0.3, 0.1, 0.4, 0.3, 0.1, 0.4, 0.4, 0.5, 0.5, 0.0, 0.0, 0.2, 0.1, 0.1, 0.0, 0.3, 0.5, 0.5, 0.5, 0.1, 0.5, 0.4, 0.2, 0.2, 0.0, 0.2, 0.5, 0.3, 0.0, 0.5, 0.3, 0.5, 0.0, 0.0, 0.2, 0.2, 0.0, 0.0, 0.5, 0.4, 0.0, 0.1, 0.0, 0.0, 0.5, 0.1, 0.5, 0.1, 0.2, 0.4, 0.3, 0.5]
