1 6.0 [4, 6, 8]
2 16.0 [1, 4, 7]
3 17.0 [1, 5, 7]
4 2.0 [8, 9]
5 6.0 [2, 8, 9]
6 13.0 [1, 3]
7 17.0 [5, 7, 10]
8 9.0 [1, 3, 5]
9 10.0 [5, 8]
10 10.0 [4, 5]
(5, 7)
(8, 9)
(1, 2)
(4, 5)
(6, 10)
(8, 10)
(1, 4)
(3, 7)
1 19924.0 [7, 1, 2, 8, 3, 9]
2 20043.0 [1, 2, 6, 5, 7, 9]
3 20038.0 [2, 5, 3, 1, 8, 6]
4 20141.0 [3, 5, 8, 10, 6, 4]
5 19968.0 [5, 3, 8, 10, 7, 9]
6 19933.0 [8, 2, 3, 5, 10, 6]
7 20017.0 [8, 2, 5, 9, 6, 3]
8 6769.0 [2, 7]
9 6735.0 [9, 7]
10 6582.0 [6, 10]
11 6565.0 [2, 10]
12 6625.0 [4, 8]
13 3140.0 [10]
14 3423.0 [3]
15 3261.0 [4]
16 3266.0 [7]
17 3211.0 [7]
18 3484.0 [1]
19 3357.0 [10]
20 3408.0 [8]
0.009616380352811977 0.009477530624886208
0.009627380426227003 0.009560888546117025
0.009634118434698557 0.009585169253207002
0.009634118434698557 0.009595246132237388
0.009634118434698557 0.009601611262073489
0.009634118434698557 0.009603316053459285
0.009634553529724577 0.009609682765025631
0.009634553529724577 0.009609682765025631
0.009634553529724577 0.009610722904078378
0.009634553529724577 0.009611350778847299
0.009634553529724577 0.00961212738801886
0.009634553529724577 0.009613502082570745
0.009634553529724577 0.009613502082570745
0.009634553529724577 0.009613502082570745
0.009634553529724577 0.009613502082570745
0.009634553529724577 0.009613502082570745
0.009634553529724577 0.009613502082570745
0.009634553529724577 0.009613502082570745
0.009634553529724577 0.009613502082570745
0.009634553529724577 0.009613502082570745
0.009634553529724577 0.009614607654204695
0.009634553529724577 0.009614607654204695
0.009634553529724577 0.009614607654204695
0.009634553529724577 0.009614641455139666
0.009634553529724577 0.009614641455139666
0.009634553529724577 0.009614641455139666
0.009634553529724577 0.009616380352811977
0.009634553529724577 0.009616535629034147
0.009634553529724577 0.009616535629034147
0.009634553529724577 0.009616535629034147
0.009634553529724577 0.009616535629034147
0.009661130621972578 0.009618927278970985
0.009661130621972578 0.009618927278970985
0.009661130621972578 0.009618927278970985
0.009661130621972578 0.009618927278970985
0.009661130621972578 0.009618927278970985
0.009661130621972578 0.009618927278970985
0.009661130621972578 0.009618927278970985
0.009661130621972578 0.009618927278970985
0.009661130621972578 0.009618927278970985
0.009661130621972578 0.009618927278970985
0.009661130621972578 0.009618927278970985
0.009661130621972578 0.009618927278970985
0.009661130621972578 0.009618927278970985
0.009661130621972578 0.009618927278970985
0.009661130621972578 0.009618927278970985
0.009661130621972578 0.009618927278970985
0.009661130621972578 0.009618927278970985
0.009661130621972578 0.009620267975504764
0.009661130621972578 0.009620267975504764
0.009661130621972578 0.009620267975504764
0.009661130621972578 0.009620267975504764
0.009661130621972578 0.009620267975504764
0.009661130621972578 0.009620267975504764
0.009661130621972578 0.009620267975504764
0.009661130621972578 0.009620267975504764
0.009661130621972578 0.009620267975504764
0.009661130621972578 0.009620267975504764
0.009661130621972578 0.009620267975504764
0.009661130621972578 0.009620892780362603
0.009661130621972578 0.009620892780362603
0.009661130621972578 0.009620892780362603
0.009661130621972578 0.009620892780362603
0.009661130621972578 0.009620892780362603
0.009661130621972578 0.009620892780362603
0.009661130621972578 0.009620892780362603
0.009661130621972578 0.009621330155146289
0.009661130621972578 0.009621330155146289
0.009661130621972578 0.009621330155146289
0.009661130621972578 0.009621330155146289
0.009661130621972578 0.009623572079417735
0.009661130621972578 0.00962722782313227
0.009661130621972578 0.00962722782313227
0.009661130621972578 0.00962722782313227
0.009661130621972578 0.00962722782313227
0.009661130621972578 0.00962722782313227
0.009661130621972578 0.00962722782313227
0.009661130621972578 0.00962722782313227
0.009661130621972578 0.00962722782313227
0.009661130621972578 0.00962722782313227
0.009661130621972578 0.00962722782313227
0.009661130621972578 0.00962722782313227
0.009661130621972578 0.00962722782313227
0.009661130621972578 0.00962722782313227
0.009661130621972578 0.00962722782313227
0.009661130621972578 0.00962722782313227
0.009661130621972578 0.00962722782313227
0.009661130621972578 0.00962722782313227
0.009661130621972578 0.00962722782313227
0.009661130621972578 0.00962722782313227
0.009661130621972578 0.00962722782313227
0.009661130621972578 0.00962722782313227
0.009661130621972578 0.00962722782313227
0.009661130621972578 0.00962722782313227
0.009661130621972578 0.00962722782313227
0.009661130621972578 0.00962722782313227
0.009661130621972578 0.00962722782313227
0.009661130621972578 0.00962722782313227
0.009661130621972578 0.00962722782313227
0.009661130621972578 0.00962722782313227
0.009661130621972578 0.00962722782313227
0.009661130621972578 0.00962722782313227
0.009661130621972578 0.00962722782313227
0.009661130621972578 0.00962722782313227
0.009661130621972578 0.00962722782313227
0.009661130621972578 0.00962722782313227
0.009661130621972578 0.00962722782313227
0.009661130621972578 0.00962722782313227
0.009661130621972578 0.00962722782313227
0.009661130621972578 0.00962722782313227
0.009661130621972578 0.00962722782313227
0.009661130621972578 0.00962722782313227
0.009661130621972578 0.00962722782313227
0.009661130621972578 0.00962722782313227
0.009661130621972578 0.00962722782313227
0.009661130621972578 0.00962722782313227
0.009661130621972578 0.00962722782313227
0.009661130621972578 0.00962722782313227
0.009661130621972578 0.00962722782313227
0.009661130621972578 0.00962722782313227
0.009661130621972578 0.00962722782313227
0.009661130621972578 0.00962722782313227
0.009661130621972578 0.00962722782313227
0.009661130621972578 0.00962722782313227
0.009661130621972578 0.00962722782313227
0.009661130621972578 0.00962722782313227
0.009661130621972578 0.00962722782313227
0.009661130621972578 0.00962722782313227
0.009661130621972578 0.00962722782313227
0.009661130621972578 0.00962722782313227
0.009661130621972578 0.00962722782313227
0.009661130621972578 0.00962722782313227
0.009661130621972578 0.00962722782313227
0.009661130621972578 0.00962722782313227
0.009661130621972578 0.00962722782313227
0.009661130621972578 0.00962722782313227
0.009661130621972578 0.00962722782313227
0.009661130621972578 0.00962722782313227
0.009661130621972578 0.00962722782313227
0.009661130621972578 0.00962722782313227
0.009661130621972578 0.00962722782313227
0.009661130621972578 0.00962722782313227
0.009661130621972578 0.00962722782313227
0.009661130621972578 0.00962722782313227
0.009661130621972578 0.00962722782313227
0.009661130621972578 0.00962722782313227
0.009661130621972578 0.00962722782313227
0.009661130621972578 0.00962722782313227
0.009661130621972578 0.00962722782313227
0.009661130621972578 0.009627380426227003
0.009661130621972578 0.009627380426227003
0.009661130621972578 0.00962773481312592
0.009661130621972578 0.00962773481312592
0.009661130621972578 0.00962980776079258
0.009661130621972578 0.009630084514134926
0.009661130621972578 0.009630084514134926
0.009661130621972578 0.009630084514134926
0.009661130621972578 0.009630084514134926
0.009661130621972578 0.009630084514134926
0.009661130621972578 0.009630084514134926
0.009661130621972578 0.009630084514134926
0.009661130621972578 0.009630084514134926
0.009661130621972578 0.009630084514134926
0.009661130621972578 0.009630084514134926
0.009661130621972578 0.009630084514134926
0.009661130621972578 0.009630084514134926
0.009661130621972578 0.009630084514134926
0.009661130621972578 0.009630084514134926
0.009661130621972578 0.009630084514134926
0.009661130621972578 0.009630084514134926
0.009661130621972578 0.009630084514134926
0.009661130621972578 0.009630084514134926
0.009661130621972578 0.009630084514134926
0.009661130621972578 0.009630084514134926
0.009661130621972578 0.009630084514134926
0.009661130621972578 0.009630084514134926
0.009661130621972578 0.009630084514134926
0.009661130621972578 0.009630084514134926
0.009661130621972578 0.009630084514134926
0.009661130621972578 0.009630084514134926
0.009661130621972578 0.009630084514134926
0.009661130621972578 0.009630084514134926
0.009661130621972578 0.009630084514134926
0.009661130621972578 0.009630084514134926
0.009661130621972578 0.009630084514134926
0.009661130621972578 0.009630084514134926
0.009661130621972578 0.009630084514134926
0.009661130621972578 0.009630084514134926
0.009661130621972578 0.009630084514134926
0.009661130621972578 0.009630084514134926
0.009661130621972578 0.009630084514134926
0.009661130621972578 0.009630084514134926
0.009661130621972578 0.009630084514134926
0.009661130621972578 0.009630767392330871
0.009661130621972578 0.009630767392330871
0.009661130621972578 0.009630767392330871
0.009661130621972578 0.009630767392330871
0.009661130621972578 0.009630767392330871
0.009661130621972578 0.009630767392330871
0.009661130621972578 0.009630767392330871
0.009661130621972578 0.009630767392330871
0.009661130621972578 0.009630767392330871
0.009661130621972578 0.009630767392330871
0.009661130621972578 0.009630767392330871
0.009661130621972578 0.009630767392330871
0.009661130621972578 0.009630767392330871
0.009661130621972578 0.009630767392330871
0.009661130621972578 0.009630767392330871
0.009661130621972578 0.009630767392330871
0.009661130621972578 0.009630767392330871
0.009661130621972578 0.009630767392330871
0.009661130621972578 0.009630767392330871
0.009661130621972578 0.009630767392330871
0.009661130621972578 0.009630767392330871
0.009661130621972578 0.009630767392330871
0.009661130621972578 0.009630767392330871
0.009661130621972578 0.009630767392330871
0.009661130621972578 0.009630767392330871
0.009661130621972578 0.009630767392330871
0.009661130621972578 0.009630767392330871
0.009661130621972578 0.009630767392330871
0.009661130621972578 0.009630767392330871
0.009661130621972578 0.009630767392330871
0.009661130621972578 0.009630767392330871
0.009661130621972578 0.009630767392330871
0.009661130621972578 0.009630767392330871
0.009661130621972578 0.009630767392330871
0.009661130621972578 0.009630767392330871
0.009661130621972578 0.009630767392330871
0.009661130621972578 0.009630767392330871
0.009661130621972578 0.009630767392330871
0.009661130621972578 0.009630767392330871
0.009661130621972578 0.009630767392330871
0.009661130621972578 0.009630767392330871
0.009661130621972578 0.009630767392330871
0.009661130621972578 0.009630767392330871
0.009661130621972578 0.009630767392330871
0.009661130621972578 0.009630767392330871
0.009661130621972578 0.009630767392330871
0.009661130621972578 0.009630767392330871
0.009661130621972578 0.009630767392330871
0.009661130621972578 0.009630767392330871
0.009661130621972578 0.009630767392330871
0.009661130621972578 0.009630767392330871
0.009661130621972578 0.009630767392330871
0.009661130621972578 0.009630767392330871
0.009661130621972578 0.009630767392330871
0.009661130621972578 0.009630767392330871
0.009661130621972578 0.009630767392330871
0.009661130621972578 0.009630767392330871
0.009661130621972578 0.009630767392330871
0.009661130621972578 0.009630767392330871
0.009661130621972578 0.009630767392330871
0.009661130621972578 0.009630767392330871
0.009661130621972578 0.009630767392330871
0.009661130621972578 0.009630767392330871
0.009661130621972578 0.009630767392330871
0.009661130621972578 0.009630767392330871
0.009661130621972578 0.009630767392330871
0.009661130621972578 0.009630767392330871
0.009661130621972578 0.009630767392330871
0.009661130621972578 0.009630767392330871
0.009661130621972578 0.009630767392330871
0.009661130621972578 0.009630767392330871
0.009661130621972578 0.009630767392330871
0.009661130621972578 0.009630767392330871
0.009661130621972578 0.009630767392330871
0.009661130621972578 0.009630767392330871
0.009661130621972578 0.009630767392330871
0.009661130621972578 0.009630767392330871
0.009661130621972578 0.009630767392330871
0.009661130621972578 0.009630767392330871
0.009661130621972578 0.009630767392330871
0.009661130621972578 0.009630767392330871
0.009661130621972578 0.009630767392330871
0.009661130621972578 0.009630767392330871
0.009661130621972578 0.009630767392330871
0.009661130621972578 0.009630767392330871
0.009661130621972578 0.009630767392330871
0.009661130621972578 0.009630767392330871
0.009661130621972578 0.009630767392330871
0.009661130621972578 0.009630767392330871
0.009661130621972578 0.009630767392330871
0.009661130621972578 0.009630767392330871
0.009661130621972578 0.009630767392330871
0.009661130621972578 0.009630767392330871
0.009661130621972578 0.009630767392330871
0.009661130621972578 0.009630767392330871
0.009661130621972578 0.009630767392330871
0.009661130621972578 0.009630767392330871
0.009661130621972578 0.009630767392330871
0.009661130621972578 0.009630767392330871
0.009661130621972578 0.009630767392330871
0.009661130621972578 0.009630767392330871
0.009661130621972578 0.009630767392330871
0.009661130621972578 0.009630767392330871
0.009661130621972578 0.009630767392330871
0.009661130621972578 0.009630767392330871
0.009661130621972578 0.009630767392330871
0.009661130621972578 0.009630767392330871
0.009661130621972578 0.009630767392330871
0.009661130621972578 0.009630767392330871
0.009661130621972578 0.009630767392330871
0.009661130621972578 0.009630767392330871
0.009661130621972578 0.009630767392330871
0.009661130621972578 0.009630767392330871
0.009661130621972578 0.009630767392330871
0.009661130621972578 0.009630767392330871
0.009661130621972578 0.009630767392330871
0.009661130621972578 0.009630767392330871
0.009661130621972578 0.009630767392330871
0.009661130621972578 0.009630767392330871
0.009661130621972578 0.009630767392330871
0.009661130621972578 0.009630767392330871
0.009661130621972578 0.009630767392330871
0.009661130621972578 0.009630767392330871
0.009661130621972578 0.009630767392330871
0.009661130621972578 0.009630767392330871
0.009661130621972578 0.009630767392330871
0.009661130621972578 0.009630767392330871
Final fitness: 0.009661130621972578
[0.19992144423724267, 0.3715155034191251, 0.3044755153809192, 0.5131316901208407, 0.4015902009998073, 0.46148202918863257, 0.3051186941416309, 0.4, 0.21364339387687808, 0.40008538893927925, 0.1073070768320307, 9.106824623255721e-05, 0.0088559785510334, 0.20180899845516898, 0.002812154875661249, 0.29691112885087534, 0.4, 0.2998596418933722, 0.3988430316213034, 0.19468906432553623, 0.1888183603141365, 0.20293779182102617, 0.19835217469042887, 0.5062945786575248, 0.46019160752664356, 0.1936460565077652, 0.09927892232608367, 0.1989459999730905, 0.10103171737845489, 0.10550535961309676, 0.08360594123255341, 0.39716081620104804, 0.0954015250594857, 0.5402004462807918, 0.2134030710646815, 0.3319561536594344, 0.4, 0.5206520512340193, 0.5, 0.4, 0.3016022837675245, 0.3780648258817956, 0.29907940523962034, 0.505169566744995, 0.41086726224594927, 0.4028361141470194, 0.08665574946339752, 0.4897095972603065, 0.23356889494870742, 0.10076233584847538, 0.2, 0.48671113898884216, 0.0, 0.016999669888883462, 0.3637176936026206, 0.0940434270624749, 0.0, 0.3882967219284298, 0.32503226482922454, 0.106418704345065, 0.31918951874628926, 0.19464766944344328, 0.44226700898395876, 0.29545436359210786, 0.3123980600702784, 0.3991495341042976, 0.3948888842076711, 0.43536891310000075, 0.20128674810639818, 0.026109980147771425, 0.5162349120161048, 0.5069343989648604, 0.4803877353241732, 0.4649230945902409, 0.4384546630942979, 0.5130115456591404, 0.5, 0.4986539141886646, 0.5628450664172171, 0.3, 0.0, 0.5, 0.1701759474787065, 0.19417711630634465, 0.07337066934758973, 0.0, 0.1007953879101357, 0.39939281300793317, 0.1, 0.28186220761087405, 0.20804400886576885, 0.3912272708799805, 0.4834982264030322, 0.13222066496353319, 0.0025206735537615793, 0.0028485785553042653, 0.5013709382596971, 0.31487136198995314, 0.17817596070361252, 0.10945483599179134, 0.481024018798819, 0.1187669776540754, 0.10651979342943918, 0.2058077106566586, 0.2, 0.40725895611263463, 0.10399889223779686, 0.09881302565951491, 0.04339456737771784, 0.47162998354354574, 0.38014591444702817, 0.4779010961033888, 0.19983743643684312, 0.2901461494868726, 0.40147690908429706, 0.3849269761450725, 0.42167178687254236, 0.21416853685963316, 0.39779814886096704, 0.1857424338396519, 0.01006036273884664, 0.5, 0.22167719578505254, 0.2878653361195066, 0.21499647944753103, 0.015397839378618772, 0.010422714727293697, 0.09193165666504557, 0.12240740631964417, 0.4890346214044332, 0.2994306909576802, 0.4, 0.314401409880564, 0.441905230862286, 0.0, 0.3, 0.30000973874311443, 0.09521240926070836, 0.0, 0.2968270754599109, 0.2009246471248072, 0.10198989454632801, 0.1064008162950893, 0.30436612369185295, 0.21491174408876484, 0.1, 0.10223976610546937, 0.47353144176032963, 0.35630067739621185, 0.28509089545087773, 0.4, 0.29480900063924514, 0.3958982786649496, 0.5, 0.4, 0.3887654121325719, 0.4562140094839141, 0.5, 0.52271231947972, 0.30263403005006284, 0.40210664614663966, 0.25358162710267285, 0.21487115887396044, 0.11777886134637713, 0.30351490521394464, 0.3039625099192702, 0.4, 0.33604620340985825, 0.3162382727510107, 0.5091418490069475, 0.22989469584567568, 0.26753778520073035, 0.1539522886023518, 0.11433206237072974, 0.061580831628601146, 0.07150001559468641, 0.20010571914103067, 0.010990126331281828, 0.19233558209411375, 0.2, 0.10985754841200346, 0.20187377567460488, 0.2, 0.20578672828919584, 0.08804995919857997, 0.04788208011780015, 0.01820618377841074, 0.2032281880438183, 0.31137572704639205, 0.1, 0.025005321226177518, 0.058889849836805175, 0.21195590857823796, 0.0, 0.3720431697922903, 0.0, 0.37276230988836856, 0.10336245599043448, 0.2998306276861526, 0.18904151346652637]
