1 6.0 [4, 6, 8]
2 16.0 [1, 4, 7]
3 17.0 [1, 5, 7]
4 2.0 [8, 9]
5 6.0 [2, 8, 9]
6 13.0 [1, 3]
7 17.0 [5, 7, 10]
8 9.0 [1, 3, 5]
9 10.0 [5, 8]
10 10.0 [4, 5]
(5, 7)
(8, 9)
(1, 2)
(4, 5)
(6, 10)
(8, 10)
(1, 4)
(3, 7)
1 19924.0 [7, 1, 2, 8, 3, 9]
2 20043.0 [1, 2, 6, 5, 7, 9]
3 20038.0 [2, 5, 3, 1, 8, 6]
4 20141.0 [3, 5, 8, 10, 6, 4]
5 19968.0 [5, 3, 8, 10, 7, 9]
6 19933.0 [8, 2, 3, 5, 10, 6]
7 20017.0 [8, 2, 5, 9, 6, 3]
8 6769.0 [2, 7]
9 6735.0 [9, 7]
10 6582.0 [6, 10]
11 6565.0 [2, 10]
12 6625.0 [4, 8]
13 3140.0 [10]
14 3423.0 [3]
15 3261.0 [4]
16 3266.0 [7]
17 3211.0 [7]
18 3484.0 [1]
19 3357.0 [10]
20 3408.0 [8]
0.00958928246863686 0.00945421786778462
0.009611623916479474 0.009557098932120022
0.009627364050755689 0.009579930790887228
0.009635997995047304 0.009587915169308401
0.009635997995047304 0.009591381160569469
0.009635997995047304 0.009595769353812907
0.009635997995047304 0.009596239816242486
0.009635997995047304 0.009599135615414488
0.009635997995047304 0.009599135615414488
0.009635997995047304 0.009599135615414488
0.009635997995047304 0.009599135615414488
0.009635997995047304 0.009599135615414488
0.009635997995047304 0.009599135615414488
0.009635997995047304 0.009599135615414488
0.009635997995047304 0.009599135615414488
0.009635997995047304 0.009599135615414488
0.009635997995047304 0.009599135615414488
0.009635997995047304 0.009599135615414488
0.009635997995047304 0.009601314344246745
0.009635997995047304 0.009601314344246745
0.009635997995047304 0.009602573941822812
0.009635997995047304 0.009602601999978701
0.009635997995047304 0.009602601999978701
0.009635997995047304 0.009602601999978701
0.009635997995047304 0.009602601999978701
0.009635997995047304 0.009602601999978701
0.009635997995047304 0.009602601999978701
0.009635997995047304 0.009602601999978701
0.009635997995047304 0.009602601999978701
0.009635997995047304 0.009602601999978701
0.009635997995047304 0.00960452046134981
0.009635997995047304 0.009604922010909208
0.009635997995047304 0.009604922010909208
0.009635997995047304 0.009604922010909208
0.009635997995047304 0.009604922010909208
0.009635997995047304 0.009604922010909208
0.009635997995047304 0.009604922010909208
0.009635997995047304 0.009604922010909208
0.009635997995047304 0.009604922010909208
0.009635997995047304 0.009604922010909208
0.009635997995047304 0.009604922010909208
0.009635997995047304 0.009605257217367569
0.009635997995047304 0.009605257217367569
0.009635997995047304 0.009606508403354875
0.009635997995047304 0.009606508403354875
0.009635997995047304 0.009606508403354875
0.009635997995047304 0.009606508403354875
0.009635997995047304 0.009606508403354875
0.009635997995047304 0.009606508403354875
0.009635997995047304 0.009606508403354875
0.009635997995047304 0.00960664317835938
0.009635997995047304 0.00960664317835938
0.009635997995047304 0.00960664317835938
0.009635997995047304 0.009608697077662083
0.009635997995047304 0.009608697077662083
0.009635997995047304 0.009608697077662083
0.009635997995047304 0.009608697077662083
0.009635997995047304 0.009608697077662083
0.009635997995047304 0.009608697077662083
0.009635997995047304 0.009608697077662083
0.009635997995047304 0.009608998061188746
0.009635997995047304 0.009608998061188746
0.009635997995047304 0.009610328935863091
0.009635997995047304 0.009610559597600656
0.009635997995047304 0.009610559597600656
0.009635997995047304 0.009610559597600656
0.009635997995047304 0.009610559597600656
0.009635997995047304 0.009610559597600656
0.009635997995047304 0.009610559597600656
0.009635997995047304 0.009610559597600656
0.009635997995047304 0.009610559597600656
0.009635997995047304 0.009610559597600656
0.009635997995047304 0.009610559597600656
0.009635997995047304 0.009610559597600656
0.009635997995047304 0.009610559597600656
0.009635997995047304 0.009610559597600656
0.009635997995047304 0.009610559597600656
0.009635997995047304 0.009610559597600656
0.009635997995047304 0.009610559597600656
0.009635997995047304 0.009610559597600656
0.009635997995047304 0.009610559597600656
0.009653188846358402 0.009611165836486154
0.009653188846358402 0.009611165836486154
0.009653188846358402 0.009611452676814354
0.009653188846358402 0.009611623916479474
0.009653188846358402 0.009611623916479474
0.009653188846358402 0.009612217266036208
0.009653188846358402 0.009612217266036208
0.009653188846358402 0.009612217266036208
0.009653188846358402 0.009613176569216057
0.009653188846358402 0.009613176569216057
0.009653188846358402 0.00961325622263751
0.009653188846358402 0.00961325622263751
0.009653188846358402 0.00961325622263751
0.009653188846358402 0.00961325622263751
0.009653188846358402 0.009613360255852155
0.009653188846358402 0.009613360255852155
0.009653188846358402 0.009613360255852155
0.009653188846358402 0.009613360255852155
0.009653188846358402 0.009613360255852155
0.009653188846358402 0.009613360255852155
0.009653188846358402 0.009613360255852155
0.009653188846358402 0.009613360255852155
0.009653188846358402 0.009613360255852155
0.009653188846358402 0.009613360255852155
0.009653188846358402 0.009613360255852155
0.009653188846358402 0.009613360255852155
0.009653188846358402 0.009613360255852155
0.009653188846358402 0.009613360255852155
0.009653188846358402 0.009613360255852155
0.009653188846358402 0.009613360255852155
0.009653188846358402 0.009613360255852155
0.009653188846358402 0.009613360255852155
0.009653188846358402 0.009613360255852155
0.009653188846358402 0.009613360255852155
0.009653188846358402 0.009613360255852155
0.009653188846358402 0.009613360255852155
0.009653188846358402 0.009613360255852155
0.009653188846358402 0.009613360255852155
0.009653188846358402 0.009613360255852155
0.009653188846358402 0.009613360255852155
0.009653204344280936 0.009613686697498246
0.009653204344280936 0.009613686697498246
0.009653204344280936 0.00961541562934182
0.009653204344280936 0.009615810233993011
0.009653204344280936 0.009615810233993011
0.009653204344280936 0.009616027992683435
0.009653204344280936 0.009616027992683435
0.009653204344280936 0.009616027992683435
0.009653204344280936 0.009616027992683435
0.009653204344280936 0.009616027992683435
0.009653204344280936 0.009616027992683435
0.009653204344280936 0.009616027992683435
0.009653204344280936 0.009616027992683435
0.009653204344280936 0.009618270619331824
0.009653204344280936 0.009618270619331824
0.009653204344280936 0.009618270619331824
0.009653204344280936 0.009618270619331824
0.009653204344280936 0.009618983271470028
0.009653204344280936 0.009618983271470028
0.009653204344280936 0.009618983271470028
0.009653204344280936 0.009618983271470028
0.009653204344280936 0.009618983271470028
0.009653204344280936 0.009619210401099944
0.009653204344280936 0.009619210401099944
0.009653204344280936 0.009619210401099944
0.009653204344280936 0.009619210401099944
0.009653204344280936 0.009619210401099944
0.009653204344280936 0.009619210401099944
0.009653204344280936 0.009619210401099944
0.009653204344280936 0.009619210401099944
0.009653204344280936 0.009619210401099944
0.009653204344280936 0.009619210401099944
0.009653204344280936 0.009619210401099944
0.009653204344280936 0.009619210401099944
0.009653204344280936 0.009619210401099944
0.009653204344280936 0.009619210401099944
0.009653204344280936 0.009619210401099944
0.009653204344280936 0.009619210401099944
0.009653204344280936 0.009619210401099944
0.009653204344280936 0.009619210401099944
0.009653204344280936 0.009619210401099944
0.009653204344280936 0.009619210401099944
0.009653204344280936 0.009619210401099944
0.009653204344280936 0.009619210401099944
0.009653204344280936 0.009619210401099944
0.009653204344280936 0.009619210401099944
0.009653204344280936 0.009619210401099944
0.009653204344280936 0.009619210401099944
0.009653204344280936 0.009619210401099944
0.009653204344280936 0.009619210401099944
0.009653204344280936 0.009619210401099944
0.009653204344280936 0.009619210401099944
0.009653204344280936 0.009619210401099944
0.009653204344280936 0.009619210401099944
0.009653204344280936 0.009619210401099944
0.009653204344280936 0.009619210401099944
0.009653204344280936 0.009619210401099944
0.009653204344280936 0.009619210401099944
0.009653204344280936 0.009619210401099944
0.009653204344280936 0.009619210401099944
0.009653204344280936 0.009619210401099944
0.009653204344280936 0.009619210401099944
0.009653204344280936 0.009619210401099944
0.009653204344280936 0.009619210401099944
0.009653204344280936 0.009619210401099944
0.009653204344280936 0.009619210401099944
0.009653204344280936 0.009619210401099944
0.009653204344280936 0.00962185401389068
0.009653204344280936 0.00962185401389068
0.009653204344280936 0.00962185401389068
0.009653204344280936 0.00962185401389068
0.009653204344280936 0.00962185401389068
0.009653204344280936 0.00962185401389068
0.009653204344280936 0.00962185401389068
0.009662156591650522 0.009624614633614482
0.009662156591650522 0.009625182622738837
0.009662156591650522 0.009625182622738837
0.009662156591650522 0.009625182622738837
0.009662156591650522 0.009625182622738837
0.009662156591650522 0.009625182622738837
0.009662156591650522 0.009625182622738837
0.009662156591650522 0.009625182622738837
0.009662156591650522 0.009625182622738837
0.009662156591650522 0.009625182622738837
0.009662156591650522 0.009625182622738837
0.009662156591650522 0.009625182622738837
0.009662156591650522 0.009625182622738837
0.009662156591650522 0.009625182622738837
0.009662156591650522 0.009625182622738837
0.009662156591650522 0.009625182622738837
0.009662156591650522 0.009625182622738837
0.009662156591650522 0.009625182622738837
0.009662156591650522 0.009625182622738837
0.009662156591650522 0.009625182622738837
0.009662156591650522 0.009625182622738837
0.009662156591650522 0.009625182622738837
0.009662156591650522 0.009625182622738837
0.009662156591650522 0.009625182622738837
0.009662156591650522 0.009625182622738837
0.009662156591650522 0.009625182622738837
0.009662156591650522 0.009625182622738837
0.009662156591650522 0.009625182622738837
0.009662156591650522 0.009625182622738837
0.009662156591650522 0.009625182622738837
0.009662156591650522 0.009625182622738837
0.009662156591650522 0.009625182622738837
0.009662156591650522 0.009625182622738837
0.009662156591650522 0.009625182622738837
0.009662156591650522 0.009625182622738837
0.009662156591650522 0.009625182622738837
0.009662156591650522 0.009625182622738837
0.009662156591650522 0.009625182622738837
0.009662156591650522 0.009625182622738837
0.009662156591650522 0.009625182622738837
0.009662156591650522 0.009625182622738837
0.009662156591650522 0.009625182622738837
0.009662156591650522 0.009625182622738837
0.009662156591650522 0.009626399119932664
0.009662156591650522 0.009626399119932664
0.009662156591650522 0.009626399119932664
0.009662156591650522 0.009626399119932664
0.009662156591650522 0.009626399119932664
0.009662156591650522 0.009626399119932664
0.009662156591650522 0.009626399119932664
0.009662156591650522 0.009626399119932664
0.009662156591650522 0.009626399119932664
0.009662156591650522 0.009626399119932664
0.009662156591650522 0.009626399119932664
0.009662156591650522 0.009626399119932664
0.009662156591650522 0.009626399119932664
0.009662156591650522 0.009626399119932664
0.009662156591650522 0.009626399119932664
0.009662156591650522 0.009626399119932664
0.009662156591650522 0.009626399119932664
0.009662156591650522 0.009626399119932664
0.009662156591650522 0.009626399119932664
0.009662156591650522 0.009626981512136965
0.009662156591650522 0.009626981512136965
0.009662156591650522 0.009626981512136965
0.009662156591650522 0.009626981512136965
0.009662156591650522 0.009626981512136965
0.009662156591650522 0.009626981512136965
0.009662156591650522 0.009626981512136965
0.009662156591650522 0.009626981512136965
0.009662156591650522 0.009626981512136965
0.009662156591650522 0.00962899719283132
0.009662156591650522 0.00962899719283132
0.009662156591650522 0.00962899719283132
0.009662156591650522 0.00962899719283132
0.009662156591650522 0.00962899719283132
0.009662156591650522 0.00962899719283132
0.009662156591650522 0.00962899719283132
0.009662156591650522 0.00962899719283132
0.009662156591650522 0.00962899719283132
0.009662156591650522 0.00962899719283132
0.009662156591650522 0.00963133738777151
0.009662156591650522 0.00963133738777151
0.009662156591650522 0.00963133738777151
0.009662156591650522 0.00963133738777151
0.009662156591650522 0.00963133738777151
0.009662156591650522 0.00963133738777151
0.009662156591650522 0.00963133738777151
0.009662156591650522 0.00963133738777151
0.009662156591650522 0.00963133738777151
0.009662156591650522 0.00963133738777151
0.009662156591650522 0.00963133738777151
0.009662156591650522 0.00963133738777151
0.009662156591650522 0.00963133738777151
0.009662156591650522 0.00963133738777151
0.009662156591650522 0.00963133738777151
0.009662156591650522 0.00963133738777151
0.009662156591650522 0.00963133738777151
0.009662156591650522 0.00963133738777151
0.009662156591650522 0.00963133738777151
0.009662156591650522 0.00963133738777151
0.009662156591650522 0.00963133738777151
0.009662156591650522 0.00963133738777151
0.009662156591650522 0.00963133738777151
0.009662156591650522 0.00963133738777151
0.009662156591650522 0.00963133738777151
0.009662156591650522 0.00963133738777151
0.009662156591650522 0.00963133738777151
0.009662156591650522 0.00963133738777151
0.009662156591650522 0.00963133738777151
0.009662156591650522 0.00963133738777151
0.009662156591650522 0.00963133738777151
0.009662156591650522 0.00963133738777151
0.009662156591650522 0.00963133738777151
0.009662156591650522 0.00963133738777151
0.009662156591650522 0.00963133738777151
0.009662156591650522 0.00963133738777151
0.009662156591650522 0.00963133738777151
0.009662156591650522 0.00963133738777151
0.009662156591650522 0.00963133738777151
0.009662156591650522 0.00963133738777151
0.009662156591650522 0.00963133738777151
0.009662156591650522 0.00963133738777151
0.009662156591650522 0.00963133738777151
0.009662156591650522 0.00963133738777151
Final fitness: 0.009662156591650522
[0.0, 0.4, 0.3, 0.4, 0.2, 0.0023821750064357133, 0.5, 0.0004843822801679498, 0.1, 0.38637594639259454, 0.0, 0.2, 0.5, 0.0, 0.4, 0.0037842451079662873, 0.09565009737533901, 0.1, 0.01205089103270604, 0.3, 0.10254284034659295, 0.1, 0.0, 0.2, 0.1, 0.2974069898288164, 0.5, 0.2, 0.3938854879894853, 0.3, 0.0, 0.1, 0.1, 0.4999975999957782, 0.39971394489406614, 0.4921005724376394, 0.4, 0.5, 0.0, 0.5, 0.5201052544658447, 0.10478142708621213, 0.1, 0.4721893748070332, 0.4, 0.0030963937655641705, 0.010773604680342136, 0.3, 0.0, 0.3, 0.3, 0.0824595563841248, 0.5, 0.2, 0.5, 0.296952869854735, 0.5, 0.21381059811316963, 0.3, 0.09268249834734879, 0.12627024791995278, 0.395589984905906, 0.06725910814893724, 0.3, 0.3037330253997321, 0.013140019836412414, 0.10075293647994919, 0.4, 0.3, 0.2, 0.5, 0.0, 0.3, 0.1, 0.3049423956990775, 0.1, 0.4, 0.2, 0.4947605782649759, 0.5, 0.19888495377050386, 0.4, 0.1, 0.5, 0.3, 0.5, 0.30226954142642515, 0.0, 0.1, 0.10387755280430966, 0.0, 0.5, 0.0, 0.03436971972229885, 0.4, 0.5, 0.1, 0.4, 0.32992341340049847, 0.4, 0.1, 0.3, 0.3042301706410948, 0.0, 0.0, 0.06978664914079391, 0.0, 0.5226990922965142, 0.0, 0.3, 0.301818721558049, 0.2, 0.3, 0.1, 0.4087880025629517, 0.0, 0.303867553732441, 0.1, 0.081231048506619, 0.2, 0.40573937965122336, 0.531540753409927, 0.06578543899784994, 0.39879627211932855, 0.0, 0.1, 0.3, 0.09853897214773535, 0.5, 0.30386415230285424, 0.3115461279214949, 0.0, 0.0002498099792440367, 0.3850947883530963, 0.1, 0.09301028833136872, 0.1, 0.4, 0.4466988571328757, 0.12219328933757061, 0.20524977990450025, 0.5, 0.300349854083026, 0.2, 0.3, 0.5072218388659686, 0.0, 0.022152340768637285, 0.5, 0.4, 0.2, 0.2, 0.0, 0.0, 0.2, 0.009239391434634342, 0.4, 0.4, 0.439222491241578, 0.09736556307071374, 0.4, 0.39997832910156117, 0.41182011253854517, 0.20211110810309077, 0.22187387143674675, 0.3, 0.4, 0.034565046734739695, 0.2810802105658701, 0.5, 0.31002896721587603, 0.0002582241158410603, 0.3766599264994305, 0.1, 0.5, 0.04336655030401325, 0.3, 0.5, 0.09476052010217031, 0.5, 0.0, 0.5163160579084474, 0.4, 0.5554019714564697, 0.4, 0.3, 0.10214538667123599, 0.0, 0.3, 0.4140125633328144, 0.17455599036802052, 0.3, 0.3025563209451781, 0.0, 0.0, 0.5, 0.2, 0.03301367049107201, 0.1, 0.2]
