1 7.0 [1, 4, 6]
2 9.0 [2, 6]
3 14.0 [1, 5]
4 0.0 [2, 4]
5 4.0 [5, 8]
6 7.0 [1, 7]
7 11.0 [1, 5]
8 3.0 [1, 2, 5]
9 10.0 [1, 4, 8]
10 10.0 [2, 5]
11 15.0 [1, 3, 4]
12 6.0 [4, 5]
13 12.0 [2, 7]
14 3.0 [1, 3, 4]
15 16.0 [4, 5, 6]
16 13.0 [1, 6, 8]
17 11.0 [4, 6, 8]
18 15.0 [3, 4]
19 5.0 [1, 7]
20 7.0 [1, 4, 5]
(13, 20)
(5, 7)
(9, 20)
(19, 20)
(8, 12)
(8, 17)
(15, 16)
(3, 4)
(12, 17)
(4, 16)
(4, 13)
(3, 9)
(8, 15)
(10, 13)
(15, 18)
(12, 18)
(17, 19)
(13, 15)
(17, 20)
(6, 16)
(9, 15)
(6, 13)
(4, 5)
(18, 20)
(13, 19)
(17, 18)
(7, 10)
(10, 16)
(13, 16)
(1, 3)
(1, 6)
(18, 19)
(12, 13)
(7, 15)
(16, 20)
(7, 19)
(14, 16)
(9, 11)
(14, 20)
(11, 20)
(6, 7)
(3, 11)
(9, 10)
(4, 8)
1 20083.0 [7, 5, 8, 6, 2, 1]
2 20166.0 [5, 2, 7, 3, 1, 6]
3 19913.0 [3, 1, 4, 6, 8, 2]
4 6812.0 [8, 5]
5 6803.0 [3, 5]
6 6587.0 [3, 8]
7 6545.0 [6, 8]
8 6758.0 [8, 5]
9 6751.0 [8, 5]
10 3424.0 [5]
0.23738087118010548 0.006481479069234586
0.23738087118010548 0.00873670256456558
0.23899179553906744 0.19982122830863988
0.23899179553906744 0.21526642322671413
0.23899179553906744 0.21596208338445574
0.23899179553906744 0.2170518169656953
0.23899179553906744 0.21921527746427943
0.23899179553906744 0.21953468154293013
0.23899179553906744 0.22084132513739044
0.23899179553906744 0.22084132513739044
0.23899179553906744 0.22084132513739044
0.23899179553906744 0.22276898443431845
0.2395457532478567 0.22497261777632652
0.2395457532478567 0.22680547342067486
0.2395457532478567 0.22816814560308005
0.2395457532478567 0.22817529476107876
0.2395457532478567 0.22817529476107876
0.2395457532478567 0.22845424935548342
0.2395457532478567 0.2289325657993551
0.2395457532478567 0.22913549098605956
0.2395457532478567 0.22913549098605956
0.2395457532478567 0.22974230840239696
0.2395457532478567 0.22974230840239696
0.2395457532478567 0.22974230840239696
0.2395457532478567 0.22974230840239696
0.2395457532478567 0.22974230840239696
0.2395457532478567 0.23007797630643312
0.2395457532478567 0.23007797630643312
0.2395457532478567 0.23007797630643312
0.2395457532478567 0.23007797630643312
0.2395457532478567 0.23007797630643312
0.24148737249028812 0.23194208407449401
0.24148737249028812 0.23239296798652134
0.24148737249028812 0.2325300454176732
0.24148737249028812 0.2325300454176732
0.24148737249028812 0.2330641477289713
0.24148737249028812 0.2335891877036996
0.24148737249028812 0.2335891877036996
0.24148737249028812 0.2335891877036996
0.24148737249028812 0.2335891877036996
0.24148737249028812 0.23359356203857184
0.24148737249028812 0.23359356203857184
0.24148737249028812 0.23359356203857184
0.24148737249028812 0.23359356203857184
0.24148737249028812 0.23359356203857184
0.24148737249028812 0.23359356203857184
0.24148737249028812 0.23359356203857184
0.24148737249028812 0.23463200654246277
0.24148737249028812 0.23463200654246277
0.24148737249028812 0.23514919307533422
0.24148737249028812 0.23519662962300852
0.24148737249028812 0.23519662962300852
0.24148737249028812 0.23519662962300852
0.24148737249028812 0.23548653922611668
0.24148737249028812 0.23579952123156
0.24148737249028812 0.23579952123156
0.24148737249028812 0.23579952123156
0.24148737249028812 0.23579952123156
0.24148737249028812 0.23579952123156
0.24148737249028812 0.23579952123156
0.24148737249028812 0.23579952123156
0.24148737249028812 0.23579952123156
0.24148737249028812 0.23579952123156
0.24148737249028812 0.23579952123156
0.24148737249028812 0.23579952123156
0.24148737249028812 0.23579952123156
0.24148737249028812 0.23579952123156
0.24148737249028812 0.23592396581900393
0.24148737249028812 0.23625799760358082
0.24148737249028812 0.23625799760358082
0.24148737249028812 0.23625799760358082
0.24148737249028812 0.23625799760358082
0.24148737249028812 0.23625799760358082
0.24148737249028812 0.23625799760358082
0.24148737249028812 0.23625799760358082
0.24148737249028812 0.23625799760358082
0.24148737249028812 0.23625799760358082
0.24148737249028812 0.23625799760358082
0.24148737249028812 0.23625799760358082
0.24148737249028812 0.23625799760358082
0.24148737249028812 0.23625799760358082
0.24148737249028812 0.23625799760358082
0.24148737249028812 0.23625799760358082
0.24148737249028812 0.23625799760358082
0.24193012370045594 0.2367995109634921
0.24521307081727842 0.23696157775859072
0.2467129064088561 0.23714396246773872
0.2467129064088561 0.23714396246773872
0.2467129064088561 0.23714396246773872
0.2467129064088561 0.23714396246773872
0.2467129064088561 0.23714396246773872
0.2467129064088561 0.23714396246773872
0.2467129064088561 0.23714396246773872
0.2467129064088561 0.23714396246773872
0.2467129064088561 0.23714396246773872
0.2467129064088561 0.23714396246773872
0.24963649366517207 0.2372076950381768
0.24963649366517207 0.23780740117779767
0.24963649366517207 0.23894099719174225
0.24963649366517207 0.23894099719174225
0.24963649366517207 0.23894099719174225
0.24963649366517207 0.23894099719174225
0.24963649366517207 0.23894099719174225
0.24963649366517207 0.23894099719174225
0.24963649366517207 0.23894099719174225
0.24963649366517207 0.23894099719174225
0.24963649366517207 0.23894099719174225
0.24963649366517207 0.23894099719174225
0.24963649366517207 0.23894099719174225
0.24963649366517207 0.23894099719174225
0.24963649366517207 0.23894099719174225
0.24963649366517207 0.23894099719174225
0.24963649366517207 0.2389758790709226
0.24963649366517207 0.2389758790709226
0.24963649366517207 0.2389758790709226
0.24963649366517207 0.2389758790709226
0.24963649366517207 0.2389758790709226
0.24963649366517207 0.2389758790709226
0.24963649366517207 0.2389758790709226
0.24963649366517207 0.2389758790709226
0.24963649366517207 0.2389758790709226
0.24963649366517207 0.23899179553906744
0.24963649366517207 0.23910090263514736
0.24963649366517207 0.23910090263514736
0.24963649366517207 0.23910090263514736
0.24963649366517207 0.23910090263514736
0.24963649366517207 0.23910090263514736
0.24963649366517207 0.23910090263514736
0.24963649366517207 0.2393363010269897
0.24963649366517207 0.23982201939203746
0.24963649366517207 0.23982201939203746
0.24963649366517207 0.23982201939203746
0.24963649366517207 0.23982201939203746
0.24963649366517207 0.23982201939203746
0.24963649366517207 0.23982201939203746
0.24963649366517207 0.23982201939203746
0.24963649366517207 0.23982201939203746
0.24963649366517207 0.23982201939203746
0.24963649366517207 0.23982201939203746
0.24963649366517207 0.23982201939203746
0.24963649366517207 0.23982201939203746
0.24963649366517207 0.23982201939203746
0.24963649366517207 0.23982201939203746
0.24963649366517207 0.23982201939203746
0.24963649366517207 0.23982201939203746
0.24963649366517207 0.23982201939203746
0.24963649366517207 0.23982201939203746
0.24963649366517207 0.23982201939203746
0.24963649366517207 0.23982201939203746
0.24963649366517207 0.23982201939203746
0.24963649366517207 0.23982201939203746
0.24963649366517207 0.23982201939203746
0.24963649366517207 0.23982201939203746
0.24963649366517207 0.23982201939203746
0.24963649366517207 0.23982201939203746
0.24963649366517207 0.23982201939203746
0.24963649366517207 0.23982201939203746
0.24963649366517207 0.23982201939203746
0.24963649366517207 0.23982201939203746
0.24963649366517207 0.23982201939203746
0.24963649366517207 0.23982201939203746
0.24963649366517207 0.23982201939203746
0.24963649366517207 0.23982201939203746
0.24963649366517207 0.23982201939203746
0.24963649366517207 0.23982201939203746
0.24963649366517207 0.23982201939203746
0.24963649366517207 0.23982201939203746
0.24963649366517207 0.240171612291229
0.24963649366517207 0.240171612291229
0.24963649366517207 0.240171612291229
0.24963649366517207 0.240171612291229
0.24963649366517207 0.240171612291229
0.24963649366517207 0.240171612291229
0.24963649366517207 0.240171612291229
0.24963649366517207 0.240171612291229
0.24963649366517207 0.240171612291229
0.24963649366517207 0.240171612291229
0.24963649366517207 0.240171612291229
0.24963649366517207 0.240171612291229
0.24963649366517207 0.240171612291229
0.24963649366517207 0.240171612291229
0.24963649366517207 0.240171612291229
0.24963649366517207 0.240171612291229
0.24963649366517207 0.240171612291229
0.24963649366517207 0.240171612291229
0.24963649366517207 0.240171612291229
0.24963649366517207 0.24030118614208074
0.24963649366517207 0.24030118614208074
0.24963649366517207 0.24030118614208074
0.24963649366517207 0.24030118614208074
0.24963649366517207 0.24030118614208074
0.24963649366517207 0.24030118614208074
0.24963649366517207 0.24034105913190607
0.24963649366517207 0.24034105913190607
0.24963649366517207 0.24069866577920895
0.24963649366517207 0.24069866577920895
0.24963649366517207 0.24069866577920895
0.24963649366517207 0.24069866577920895
0.24963649366517207 0.24069866577920895
0.24963649366517207 0.24069866577920895
0.24963649366517207 0.24069866577920895
0.24963649366517207 0.24069866577920895
0.24963649366517207 0.24069866577920895
0.24963649366517207 0.24069866577920895
0.24963649366517207 0.24069866577920895
0.24963649366517207 0.24069866577920895
0.24963649366517207 0.24069866577920895
0.24963649366517207 0.24128780902974914
0.24963649366517207 0.24128780902974914
0.24963649366517207 0.24148737249028812
0.24963649366517207 0.24153495737262579
0.24963649366517207 0.24153495737262579
0.24963649366517207 0.24153495737262579
0.24963649366517207 0.24153495737262579
0.24963649366517207 0.24153495737262579
0.24963649366517207 0.24153495737262579
0.24963649366517207 0.24153495737262579
0.24963649366517207 0.24153495737262579
0.24963649366517207 0.24153495737262579
0.24963649366517207 0.24153495737262579
0.24963649366517207 0.24248812884401277
0.24963649366517207 0.24248812884401277
0.24963649366517207 0.24248812884401277
0.24963649366517207 0.24248812884401277
0.24963649366517207 0.24248812884401277
0.24963649366517207 0.24248812884401277
0.24963649366517207 0.24248812884401277
0.24963649366517207 0.24248812884401277
0.24963649366517207 0.24248812884401277
0.24963649366517207 0.24248812884401277
0.24963649366517207 0.24248812884401277
0.24963649366517207 0.24248812884401277
0.24963649366517207 0.24248812884401277
0.24963649366517207 0.24248812884401277
0.24963649366517207 0.24248812884401277
0.24963649366517207 0.24248812884401277
0.24963649366517207 0.24248812884401277
0.24963649366517207 0.24248812884401277
0.24963649366517207 0.24248812884401277
0.24963649366517207 0.24248812884401277
0.24963649366517207 0.24248812884401277
0.24963649366517207 0.24248812884401277
0.24963649366517207 0.24248812884401277
0.24963649366517207 0.24248812884401277
0.24963649366517207 0.24248812884401277
0.24963649366517207 0.24248812884401277
0.24963649366517207 0.24248812884401277
0.24963649366517207 0.24248812884401277
0.24963649366517207 0.24248812884401277
0.24963649366517207 0.24248812884401277
0.24963649366517207 0.24248812884401277
0.24963649366517207 0.24248812884401277
0.24963649366517207 0.24248812884401277
0.24963649366517207 0.2425702902679603
0.24963649366517207 0.2425702902679603
0.24963649366517207 0.2425702902679603
0.24963649366517207 0.2425702902679603
0.24963649366517207 0.2425702902679603
0.24963649366517207 0.2425702902679603
0.24963649366517207 0.2425702902679603
0.24963649366517207 0.2425702902679603
0.24963649366517207 0.24318723928545713
0.24963649366517207 0.24318723928545713
0.24963649366517207 0.24318723928545713
0.24963649366517207 0.24318723928545713
0.24963649366517207 0.24318723928545713
0.24963649366517207 0.24318723928545713
0.24963649366517207 0.24318723928545713
0.24963649366517207 0.24318723928545713
0.24963649366517207 0.24318723928545713
0.24963649366517207 0.24318723928545713
0.24963649366517207 0.24318723928545713
0.24963649366517207 0.24318723928545713
0.24963649366517207 0.24318723928545713
0.24963649366517207 0.24318723928545713
0.24963649366517207 0.24318723928545713
0.24963649366517207 0.24318723928545713
0.24963649366517207 0.24318723928545713
0.24963649366517207 0.24318723928545713
0.24963649366517207 0.24318723928545713
0.24963649366517207 0.24318723928545713
0.24963649366517207 0.24318723928545713
0.24963649366517207 0.24318723928545713
0.24963649366517207 0.24318723928545713
0.24963649366517207 0.24318723928545713
0.24963649366517207 0.24318723928545713
0.24963649366517207 0.24318723928545713
0.24963649366517207 0.24318723928545713
0.24963649366517207 0.24318723928545713
0.24963649366517207 0.24318723928545713
0.24963649366517207 0.24318723928545713
0.24963649366517207 0.24318723928545713
0.24963649366517207 0.24367002370298027
0.24963649366517207 0.24367002370298027
0.24963649366517207 0.24367002370298027
0.24963649366517207 0.24367002370298027
0.24963649366517207 0.24367002370298027
0.24963649366517207 0.24367002370298027
0.24963649366517207 0.24367002370298027
0.24963649366517207 0.24367002370298027
0.24963649366517207 0.24367002370298027
0.24963649366517207 0.24367002370298027
0.24963649366517207 0.24367002370298027
0.24963649366517207 0.24367002370298027
0.24963649366517207 0.24367002370298027
0.24963649366517207 0.24367002370298027
0.24963649366517207 0.24367002370298027
0.24963649366517207 0.24367002370298027
0.24963649366517207 0.24367002370298027
0.24963649366517207 0.24367002370298027
0.24963649366517207 0.24367002370298027
0.24963649366517207 0.24367002370298027
0.24963649366517207 0.24367002370298027
0.24963649366517207 0.24367002370298027
0.24963649366517207 0.24367002370298027
0.24963649366517207 0.24367002370298027
0.24963649366517207 0.24367002370298027
0.24963649366517207 0.24367002370298027
0.24963649366517207 0.24367002370298027
0.24963649366517207 0.24367002370298027
Final fitness: 0.24963649366517207
[0.004125290633596318, 0.5063280157811527, 0.3, 0.2, 0.49574881311906094, 0.008286361360477293, 0.26685769662868813, 0.10361391094945607, 0.002877804192215283, 0.19337880813109837, 0.09569076450117478, 0.0, 0.3, 0.008604265518436294, 0.05480482693832074, 0.0, 0.46901240269380917, 0.4, 0.11835213434519387, 0.4, 0.2999519461903148, 0.5, 0.28910159083410725, 0.2000101731678043, 0.0, 0.20756518733223325, 0.19869170032514005, 0.398291722536019, 0.47189024043456806, 0.2, 0.5, 0.004352195878292331, 0.0, 0.404944671534192, 0.014638010187948622, 0.5135372137805643, 0.2, 0.5513307259261954, 0.3, 0.407133476609599, 0.1, 0.5, 0.3811356099281881, 0.2, 0.30027668785962003, 0.49211452792647686, 0.039873992973207165, 0.38690303250043334, 0.20039571609554513, 0.3001139567844818, 0.4, 0.4, 0.4051765658871272, 0.2, 0.3, 0.3814355414715651, 0.12559881695733321, 0.515490919349882, 0.1, 0.3, 0.09515722736978399, 0.09578738323217986, 0.29999958356471823, 0.1, 0.5, 0.10103047967760474, 0.1974461469838049, 0.1997612170304009, 0.04207719478261946, 0.09876573414313722, 0.20701664822859722, 0.0, 0.4, 0.10596196577112577, 0.1, 0.1073031047478143, 0.0, 0.3811680094639892, 0.19675628116560898, 0.3102086648092585, 0.0034919062162819953, 0.017308531870490546, 0.00017007700434812888, 0.10000583645892142, 0.2999936228644003, 0.5, 0.3, 0.5302651046871687, 0.5, 0.5116470191008601, 0.29448974324129784, 0.18754424166532066, 0.5, 0.2, 0.5362955557605842, 0.49725915598688275, 0.20066949162077033, 0.16038396458762788, 0.1, 0.2, 0.3, 0.2, 0.0, 0.22484153970740145, 0.392942271107141, 0.3, 0.5, 0.2, 0.2, 0.13603525601746302, 0.49174246013694034, 0.19877137117084365, 0.08922507361939874, 0.5459798085180949, 0.2, 0.3000312443638166, 0.18843244767271994, 0.2, 0.5001472700460036, 0.1, 0.39999321811719846, 0.0945875035183866, 0.3012425138402876, 0.4257099347804068, 0.2798678210226707, 0.5, 0.004522299213177927, 0.0, 0.1, 0.5, 0.030107326125289796, 0.20318728646016146, 0.0, 0.3, 0.0, 0.006936925713794451, 0.4247351330151351, 0.4, 0.1, 0.3, 0.5008270704648019, 0.2, 0.09895854924792247, 0.1, 0.49885547341795067, 0.2, 0.20063363462067316, 0.4999508142950804, 0.40554136716060596, 0.1, 0.3, 0.017206317930123477, 0.4786813491263001, 0.4, 0.308207389276978, 0.2, 0.1926743129369845, 0.4, 0.09661960617002069, 0.0010234796062841092, 0.5, 0.11820848276346313, 0.1, 0.00919875058747291, 0.4008255302716947, 0.08837887370805897, 0.4140914743465991, 0.1925540991255774, 0.3, 0.1, 0.017106884369016834, 0.3608792840719817, 0.4034407253878589, 0.0, 0.49030459202432697, 0.3, 0.3, 0.5285425536632529, 0.42052542228787754, 0.30027525073453265, 0.3024916635528353, 0.488968935041297, 0.2989674587296153, 0.1, 0.20549232496024467, 0.29431274758600234, 0.11119669850471703, 0.10324540963666184, 0.03222748708933254, 0.236199716609644, 0.0995925910669186, 0.0, 0.2868971111363158, 0.020417171651236632, 0.5, 0.5032788261028245, 0.3, 0.0, 0.0022567980857145786, 0.3182016876927484]
