1 7.0 [1, 4, 6]
2 9.0 [2, 6]
3 14.0 [1, 5]
4 0.0 [2, 4]
5 4.0 [5, 8]
6 7.0 [1, 7]
7 11.0 [1, 5]
8 3.0 [1, 2, 5]
9 10.0 [1, 4, 8]
10 10.0 [2, 5]
11 15.0 [1, 3, 4]
12 6.0 [4, 5]
13 12.0 [2, 7]
14 3.0 [1, 3, 4]
15 16.0 [4, 5, 6]
16 13.0 [1, 6, 8]
17 11.0 [4, 6, 8]
18 15.0 [3, 4]
19 5.0 [1, 7]
20 7.0 [1, 4, 5]
(13, 20)
(5, 7)
(9, 20)
(19, 20)
(8, 12)
(8, 17)
(15, 16)
(3, 4)
(12, 17)
(4, 16)
(4, 13)
(3, 9)
(8, 15)
(10, 13)
(15, 18)
(12, 18)
(17, 19)
(13, 15)
(17, 20)
(6, 16)
(9, 15)
(6, 13)
(4, 5)
(18, 20)
(13, 19)
(17, 18)
(7, 10)
(10, 16)
(13, 16)
(1, 3)
(1, 6)
(18, 19)
(12, 13)
(7, 15)
(16, 20)
(7, 19)
(14, 16)
(9, 11)
(14, 20)
(11, 20)
(6, 7)
(3, 11)
(9, 10)
(4, 8)
1 9949.0 [7, 5, 8]
2 9882.0 [5, 8, 2]
3 10029.0 [2, 7, 5]
4 10072.0 [3, 1, 6]
5 10250.0 [3, 1, 4]
6 9818.0 [6, 8, 2]
7 9928.0 [8, 3, 6]
8 9976.0 [3, 8, 5]
9 10053.0 [8, 5, 6]
10 10072.0 [5, 8, 1]
0.2374016247165545 0.006474857383388815
0.2374016247165545 0.008732292834868483
0.23906605063120978 0.21378723132174282
0.23906605063120978 0.2211071040199507
0.23906605063120978 0.224038689240993
0.23906605063120978 0.22568687171883997
0.241201703634106 0.22822312332955166
0.241201703634106 0.22956150500789094
0.241201703634106 0.23094330031059768
0.241201703634106 0.23094330031059768
0.241201703634106 0.2321142444440611
0.241201703634106 0.2325770610025078
0.24252583685959112 0.2328266610939218
0.24252583685959112 0.23306879852994558
0.24252583685959112 0.23306879852994558
0.24252583685959112 0.23306879852994558
0.24252583685959112 0.23306879852994558
0.24252583685959112 0.23306879852994558
0.24252583685959112 0.23306879852994558
0.24252583685959112 0.23402704824001455
0.24252583685959112 0.23402704824001455
0.24252583685959112 0.23402704824001455
0.24252583685959112 0.2345292738063831
0.24252583685959112 0.2345292738063831
0.24252583685959112 0.23457060841210728
0.24252583685959112 0.23457060841210728
0.24252583685959112 0.23460549681394313
0.2429460143978326 0.23487037931900442
0.2429460143978326 0.23487037931900442
0.2429460143978326 0.23511814879701126
0.2536010007680447 0.2366043019368262
0.2536010007680447 0.2374016247165545
0.2536010007680447 0.23760140718738035
0.2536010007680447 0.23760140718738035
0.2536010007680447 0.23760140718738035
0.2536010007680447 0.23760140718738035
0.2536010007680447 0.23760140718738035
0.2536010007680447 0.23760140718738035
0.2536010007680447 0.23760140718738035
0.2536010007680447 0.23760140718738035
0.2536010007680447 0.23760140718738035
0.2536010007680447 0.23760140718738035
0.2536010007680447 0.23780878333500272
0.2536010007680447 0.23780878333500272
0.2536010007680447 0.23780878333500272
0.2536010007680447 0.23887148842368033
0.2536010007680447 0.23887148842368033
0.2536010007680447 0.23887148842368033
0.2536010007680447 0.23887148842368033
0.2536010007680447 0.23887148842368033
0.2536010007680447 0.23887148842368033
0.2536010007680447 0.23887148842368033
0.2536010007680447 0.23887148842368033
0.2536010007680447 0.23887148842368033
0.2536010007680447 0.23887148842368033
0.2536010007680447 0.23887148842368033
0.2536010007680447 0.23908181557389582
0.2536010007680447 0.23908181557389582
0.2536010007680447 0.2391068846625086
0.2536010007680447 0.23971713702715358
0.2536010007680447 0.24015242565670814
0.2536010007680447 0.24015242565670814
0.2536010007680447 0.24015242565670814
0.2536010007680447 0.24015242565670814
0.2536010007680447 0.24015242565670814
0.2536010007680447 0.24015242565670814
0.2536010007680447 0.2405013890350112
0.2536010007680447 0.2405013890350112
0.2536010007680447 0.2405013890350112
0.2536010007680447 0.2405013890350112
0.2536010007680447 0.24052471611027243
0.2536010007680447 0.24052471611027243
0.2536010007680447 0.24052471611027243
0.2536010007680447 0.24052471611027243
0.2536010007680447 0.24052471611027243
0.2536010007680447 0.24052471611027243
0.2536010007680447 0.24052471611027243
0.2536010007680447 0.24052471611027243
0.2536010007680447 0.24052471611027243
0.2536010007680447 0.24052471611027243
0.2536010007680447 0.24091713092300246
0.2536010007680447 0.24091713092300246
0.2536010007680447 0.24091713092300246
0.2536010007680447 0.24091713092300246
0.2536010007680447 0.24091713092300246
0.2536010007680447 0.24091713092300246
0.2536010007680447 0.24091713092300246
0.2536010007680447 0.24091713092300246
0.2536010007680447 0.24091713092300246
0.2536010007680447 0.24091713092300246
0.2536010007680447 0.24091713092300246
0.2536010007680447 0.24091713092300246
0.2536010007680447 0.24118948731277925
0.2536010007680447 0.24118948731277925
0.2536010007680447 0.241201703634106
0.2536010007680447 0.241201703634106
0.2536010007680447 0.241201703634106
0.2536010007680447 0.241201703634106
0.2536010007680447 0.241201703634106
0.2536010007680447 0.241201703634106
0.2536010007680447 0.241201703634106
0.2536010007680447 0.241201703634106
0.2536010007680447 0.241201703634106
0.2536010007680447 0.241201703634106
0.2536010007680447 0.241201703634106
0.2536010007680447 0.241201703634106
0.2536010007680447 0.2414312584213787
0.2536010007680447 0.24147641817819102
0.2536010007680447 0.24147641817819102
0.2536010007680447 0.24147641817819102
0.2536010007680447 0.24147641817819102
0.2536010007680447 0.24147641817819102
0.2536010007680447 0.24252583685959112
0.2536010007680447 0.24252583685959112
0.2536010007680447 0.24288044935847983
0.2536010007680447 0.2429460143978326
0.2536010007680447 0.24335126722297068
0.2536010007680447 0.24335126722297068
0.2536010007680447 0.24335126722297068
0.2536010007680447 0.24335126722297068
0.2536010007680447 0.24335126722297068
0.2536010007680447 0.24335126722297068
0.2536010007680447 0.24335126722297068
0.2536010007680447 0.24335126722297068
0.2536010007680447 0.24335126722297068
0.2536010007680447 0.24335126722297068
0.2536010007680447 0.24335126722297068
0.2536010007680447 0.24335126722297068
0.2536010007680447 0.24335126722297068
0.2536010007680447 0.24335126722297068
0.2536010007680447 0.24335126722297068
0.2536010007680447 0.24335126722297068
0.2536010007680447 0.24335126722297068
0.2536010007680447 0.24335126722297068
0.2536010007680447 0.24335126722297068
0.2536010007680447 0.24335126722297068
0.2536010007680447 0.24335126722297068
0.2536010007680447 0.24335126722297068
0.2536010007680447 0.24335126722297068
0.2536010007680447 0.24335126722297068
0.2536010007680447 0.24335126722297068
0.2536010007680447 0.24335126722297068
0.2536010007680447 0.24335126722297068
0.2536010007680447 0.24335126722297068
0.2536010007680447 0.24335126722297068
0.2536010007680447 0.24335126722297068
0.2536010007680447 0.24335126722297068
0.2536010007680447 0.24335126722297068
0.2536010007680447 0.24335126722297068
0.2536010007680447 0.24335126722297068
0.2536010007680447 0.24335126722297068
0.2536010007680447 0.24335126722297068
0.2536010007680447 0.24335126722297068
0.2536010007680447 0.24335126722297068
0.2536010007680447 0.24335126722297068
0.2536010007680447 0.24335126722297068
0.2536010007680447 0.24335126722297068
0.2536010007680447 0.24335126722297068
0.2536010007680447 0.24335126722297068
0.2536010007680447 0.24335126722297068
0.2536010007680447 0.24335126722297068
0.2536010007680447 0.24335126722297068
0.2536010007680447 0.24335126722297068
0.2536010007680447 0.24335126722297068
0.2536010007680447 0.24335126722297068
0.2536010007680447 0.24335126722297068
0.2536010007680447 0.24335126722297068
0.2536010007680447 0.24373104513352134
0.2536010007680447 0.24373544505697672
0.2536010007680447 0.24420066480539726
0.2536010007680447 0.24420066480539726
0.2536010007680447 0.24420066480539726
0.2536010007680447 0.24420066480539726
0.2536010007680447 0.24420066480539726
0.2536010007680447 0.24420066480539726
0.2536010007680447 0.24420066480539726
0.2536010007680447 0.24420066480539726
0.2536010007680447 0.24420066480539726
0.2536010007680447 0.24420066480539726
0.2536010007680447 0.24420066480539726
0.2536010007680447 0.24420066480539726
0.2536010007680447 0.24420066480539726
0.2536010007680447 0.24420066480539726
0.2536010007680447 0.24420066480539726
0.2536010007680447 0.24420066480539726
0.2536010007680447 0.24420066480539726
0.2536010007680447 0.24420066480539726
0.2536010007680447 0.24420066480539726
0.2536010007680447 0.24420066480539726
0.2536010007680447 0.24420066480539726
0.2536010007680447 0.24420066480539726
0.2536010007680447 0.24420066480539726
0.2536010007680447 0.24420066480539726
0.2536010007680447 0.24420066480539726
0.2536010007680447 0.24420066480539726
0.2536010007680447 0.24420066480539726
0.2536010007680447 0.24420066480539726
0.2536010007680447 0.24420066480539726
0.2536010007680447 0.24420066480539726
0.2536010007680447 0.24420066480539726
0.2536010007680447 0.24420066480539726
0.2536010007680447 0.24420066480539726
0.2536010007680447 0.24420066480539726
0.2536010007680447 0.24420066480539726
0.2536010007680447 0.24420066480539726
0.2536010007680447 0.24420066480539726
0.2536010007680447 0.24420066480539726
0.2536010007680447 0.24420066480539726
0.2536010007680447 0.24423353423830224
0.2536010007680447 0.24423353423830224
0.2536010007680447 0.24423353423830224
0.2536010007680447 0.24423353423830224
0.2536010007680447 0.24423353423830224
0.2536010007680447 0.24423353423830224
0.2536010007680447 0.24423353423830224
0.2536010007680447 0.24423353423830224
0.2536010007680447 0.24423353423830224
0.2536010007680447 0.24423353423830224
0.2536010007680447 0.24423353423830224
0.2536010007680447 0.24423353423830224
0.2536010007680447 0.24423353423830224
0.2536010007680447 0.24423353423830224
0.2536010007680447 0.24502375809160865
0.2536010007680447 0.24502375809160865
0.2536010007680447 0.24502375809160865
0.2536010007680447 0.24502375809160865
0.2536010007680447 0.24502375809160865
0.2536010007680447 0.24502375809160865
0.2536010007680447 0.24524923445866234
0.2536010007680447 0.24524923445866234
0.2536010007680447 0.24524923445866234
0.2536010007680447 0.24524923445866234
0.2536010007680447 0.24524923445866234
0.2536010007680447 0.24524923445866234
0.2536010007680447 0.24524923445866234
0.2536010007680447 0.24524923445866234
0.2536010007680447 0.24524923445866234
0.2536010007680447 0.24524923445866234
0.2536010007680447 0.24524923445866234
0.2536010007680447 0.24524923445866234
0.2536010007680447 0.24524923445866234
0.2536010007680447 0.24524923445866234
0.2536010007680447 0.24524923445866234
0.2536010007680447 0.24524923445866234
0.2536010007680447 0.24524923445866234
0.2536010007680447 0.24524923445866234
0.2536010007680447 0.24524923445866234
0.2536010007680447 0.24524923445866234
0.2536010007680447 0.24524923445866234
0.2536010007680447 0.24524923445866234
0.2536010007680447 0.24524923445866234
0.2536010007680447 0.24524923445866234
0.2536010007680447 0.24524923445866234
0.2536010007680447 0.24524923445866234
0.2536010007680447 0.24524923445866234
0.2536010007680447 0.24524923445866234
0.2536010007680447 0.24524923445866234
0.2536010007680447 0.24524923445866234
0.2536010007680447 0.24524923445866234
0.2536010007680447 0.24524923445866234
0.2536010007680447 0.24524923445866234
0.2536010007680447 0.24524923445866234
0.2536010007680447 0.24524923445866234
0.2536010007680447 0.24524923445866234
0.2536010007680447 0.24524923445866234
0.2536010007680447 0.24524923445866234
0.2536010007680447 0.2458632197658712
0.2536010007680447 0.2458632197658712
0.2536010007680447 0.2458632197658712
0.2536010007680447 0.2458632197658712
0.2536010007680447 0.2458632197658712
0.2536010007680447 0.2458632197658712
0.2536010007680447 0.2458632197658712
0.2536010007680447 0.2458632197658712
0.2536010007680447 0.2458632197658712
0.2536010007680447 0.2458632197658712
0.2536010007680447 0.2458632197658712
0.2536010007680447 0.2458632197658712
0.2536010007680447 0.2458632197658712
0.2536010007680447 0.2458632197658712
0.2536010007680447 0.2458632197658712
0.2536010007680447 0.2458632197658712
0.2536010007680447 0.2458632197658712
0.2536010007680447 0.2458632197658712
0.2536010007680447 0.2458632197658712
0.2536010007680447 0.2458632197658712
0.2536010007680447 0.24590639029129827
0.2536010007680447 0.24590639029129827
0.2536010007680447 0.24590639029129827
0.2536010007680447 0.24590639029129827
0.2536010007680447 0.24590639029129827
0.2536010007680447 0.24590639029129827
0.2536010007680447 0.24590639029129827
0.2536010007680447 0.24590639029129827
0.2536010007680447 0.24590639029129827
0.2536010007680447 0.24590639029129827
0.2536010007680447 0.24590639029129827
0.2536010007680447 0.24590639029129827
0.2536010007680447 0.24590639029129827
0.2536010007680447 0.24590639029129827
0.2536010007680447 0.24590639029129827
0.2536010007680447 0.24590639029129827
0.2536010007680447 0.24590639029129827
0.2536010007680447 0.24615034729878865
0.2536010007680447 0.24615034729878865
0.2536010007680447 0.246354560671552
0.2536010007680447 0.246354560671552
0.2536010007680447 0.246354560671552
0.2536010007680447 0.246354560671552
0.2536010007680447 0.246354560671552
0.2536010007680447 0.246354560671552
0.2536010007680447 0.246354560671552
0.2536010007680447 0.246354560671552
0.2536010007680447 0.246354560671552
0.2536010007680447 0.246354560671552
0.2536010007680447 0.246354560671552
0.2536010007680447 0.246354560671552
0.2536010007680447 0.246354560671552
0.2536010007680447 0.246354560671552
0.2536010007680447 0.246354560671552
Final fitness: 0.2536010007680447
[0.41999010925421076, 0.501741367673717, 0.4, 0.0018795759606205775, 0.10913991515509262, 0.1925122620419784, 0.39247724003796275, 0.1087844256101553, 0.09999151837765143, 0.3545171530267554, 0.16767064623591818, 0.5282320839526627, 0.3, 0.3, 0.2897748886674137, 0.20672517681918395, 0.0994957049612991, 0.15969051637541978, 0.5, 0.41773911574811323, 0.18898224813289818, 0.39382753796130987, 0.5, 0.18209754175630669, 0.4148779940807925, 0.0039226201133310545, 0.5, 0.2856048539579047, 0.2997633485167555, 0.013901186495651113, 0.20000760030165382, 0.1, 0.19956708600543896, 0.3, 0.10617016002532774, 0.3, 0.3, 0.07413398784607164, 0.0, 0.29155711583217125, 0.10481076956848256, 0.09782752760342109, 0.3, 0.1, 0.3, 0.3453421414792235, 0.10721278103016094, 0.1, 0.014201903853421183, 0.5, 0.015530542510866802, 0.38363748906231077, 0.0, 0.1, 0.09401119221270479, 0.5, 0.49918954805814025, 0.000352491046218862, 0.30043194345544605, 0.004747865877680196, 0.30646783205909267, 0.10090771626879236, 0.3, 0.0, 0.0, 0.3003660654778284, 0.2, 0.31632417869575047, 0.3634500964515346, 0.10110812427340557, 0.11798726183323134, 0.2, 0.5, 0.004608325908775399, 0.1, 0.5, 0.5032358644094593, 0.30295314381958405, 0.4996828550366994, 0.2, 0.3, 0.4, 0.401085351274483, 0.49989445541745736, 0.26241562466696555, 0.3987185141001256, 0.39965987700863614, 0.09836559628833842, 0.3, 0.02345963605058135, 0.49521448374607635, 0.29982526287736244, 0.2969841087378435, 0.32274836908680316, 0.2, 0.4, 0.3, 0.3076886377913166, 0.3, 0.0, 0.2, 0.4, 0.12763236839721576, 0.4250462006403633, 0.3108285421404999, 0.4011830641746029, 0.2, 0.08901324087229137, 0.2, 0.31027883640814075, 0.3907317353890868, 0.3, 0.4, 0.2826763275254704, 0.03584762908181041, 0.1007772884281164, 0.20495270841662167, 0.4726007735860638, 0.19523884961672744, 0.22167251540248373, 0.3471686564205554, 0.2, 0.012434319820734382, 0.1, 0.0, 0.31271719699053835, 0.222136491171504, 0.4, 0.0, 0.5, 0.10598164876069605, 0.2677881984810869, 0.1, 0.20134905264930616, 0.4, 0.07196463939380399, 0.5367780851004129, 0.02310786575483048, 0.30372237995277657, 0.002669823422771611, 0.1963558996336248, 0.3, 0.01740482310410338, 0.03148864187407244, 0.0, 0.5, 0.4, 0.06512702417225194, 0.3, 0.014821142615700833, 0.527788002609412, 0.3899312033858171, 0.2, 0.08262706233565051, 0.3, 0.5, 0.2, 0.05899730210693102, 0.29523133534714774, 0.025308811571439355, 0.1, 0.4865002377778327, 0.4810550298780041, 0.2, 0.1, 0.09382798350364668, 0.4053754198940645, 0.5, 0.5188227406614607, 0.49991321421769025, 0.3, 0.5, 0.4102192304401372, 0.029508229633217337, 0.22061719929190238, 0.4, 0.32892363748082093, 0.15537410342599844, 0.39634134169619406, 0.5, 0.5954516026770071, 0.4, 0.10216074372532016, 0.043407406211384336, 0.4, 0.3, 0.2, 0.23239647785632697, 0.0002449974508898292, 0.10342336109813187, 0.3987101481657278, 0.015246269132951712, 0.19674510050510868, 0.027652071338994527, 0.1, 0.1, 0.1, 0.18278912282858778, 0.008462614587000442, 0.18637735617478798]
