1 7.0 [1, 4, 6]
2 9.0 [2, 6]
3 14.0 [1, 5]
4 0.0 [2, 4]
5 4.0 [5, 8]
6 7.0 [1, 7]
7 11.0 [1, 5]
8 3.0 [1, 2, 5]
9 10.0 [1, 4, 8]
10 10.0 [2, 5]
11 15.0 [1, 3, 4]
12 6.0 [4, 5]
13 12.0 [2, 7]
14 3.0 [1, 3, 4]
15 16.0 [4, 5, 6]
16 13.0 [1, 6, 8]
17 11.0 [4, 6, 8]
18 15.0 [3, 4]
19 5.0 [1, 7]
20 7.0 [1, 4, 5]
(13, 20)
(5, 7)
(9, 20)
(19, 20)
(8, 12)
(8, 17)
(15, 16)
(3, 4)
(12, 17)
(4, 16)
(4, 13)
(3, 9)
(8, 15)
(10, 13)
(15, 18)
(12, 18)
(17, 19)
(13, 15)
(17, 20)
(6, 16)
(9, 15)
(6, 13)
(4, 5)
(18, 20)
(13, 19)
(17, 18)
(7, 10)
(10, 16)
(13, 16)
(1, 3)
(1, 6)
(18, 19)
(12, 13)
(7, 15)
(16, 20)
(7, 19)
(14, 16)
(9, 11)
(14, 20)
(11, 20)
(6, 7)
(3, 11)
(9, 10)
(4, 8)
1 9949.0 [7, 5, 8]
2 9882.0 [5, 8, 2]
3 10029.0 [2, 7, 5]
4 10072.0 [3, 1, 6]
5 10250.0 [3, 1, 4]
6 9818.0 [6, 8, 2]
7 9928.0 [8, 3, 6]
8 9976.0 [3, 8, 5]
9 10053.0 [8, 5, 6]
10 10072.0 [5, 8, 1]
0.009585899514565463 0.006896462372044645
0.2368214374583378 0.00872997082388912
0.2440724685827804 0.009585899514565463
0.2480249063221878 0.22576490593039347
0.2518569330491818 0.2284088496868813
0.2518569330491818 0.23221353553407253
0.2518569330491818 0.233860288614237
0.2518569330491818 0.23542144087637581
0.2518569330491818 0.2366247949242667
0.2518569330491818 0.23702301557805378
0.2518569330491818 0.23702301557805378
0.2518569330491818 0.23702301557805378
0.2518569330491818 0.2370396686394479
0.2518569330491818 0.23928153840741478
0.2518569330491818 0.23969808449947153
0.2518569330491818 0.24061724039268123
0.2518569330491818 0.24061724039268123
0.2518569330491818 0.24061724039268123
0.2518569330491818 0.2407921197138034
0.2518569330491818 0.2407921197138034
0.2518569330491818 0.2407921197138034
0.2518569330491818 0.2407921197138034
0.2518569330491818 0.2407921197138034
0.2518569330491818 0.2407921197138034
0.2518569330491818 0.2407921197138034
0.2518569330491818 0.2415774037541149
0.2518569330491818 0.2415774037541149
0.2518569330491818 0.2415774037541149
0.2518569330491818 0.2415774037541149
0.2518569330491818 0.2415774037541149
0.2518569330491818 0.2415774037541149
0.2518569330491818 0.2415774037541149
0.2518569330491818 0.2415774037541149
0.2518569330491818 0.2415774037541149
0.2518569330491818 0.2415774037541149
0.2518569330491818 0.2415774037541149
0.2518569330491818 0.2415774037541149
0.2518569330491818 0.2415774037541149
0.2518569330491818 0.2415774037541149
0.2518569330491818 0.24230836055334493
0.2518569330491818 0.24230836055334493
0.2518569330491818 0.24230836055334493
0.2518569330491818 0.24230836055334493
0.2518569330491818 0.24230836055334493
0.2518569330491818 0.24230836055334493
0.2518569330491818 0.24230836055334493
0.2518569330491818 0.24230836055334493
0.2518569330491818 0.24230836055334493
0.2518569330491818 0.24230836055334493
0.2518569330491818 0.24230836055334493
0.2518569330491818 0.24230836055334493
0.2518569330491818 0.24230836055334493
0.2518569330491818 0.24230836055334493
0.2518569330491818 0.24230836055334493
0.2518569330491818 0.24230836055334493
0.2518569330491818 0.24230836055334493
0.2518569330491818 0.24250189370537584
0.2518569330491818 0.24282557339022776
0.2518569330491818 0.24282557339022776
0.2518569330491818 0.24282557339022776
0.2518569330491818 0.24282557339022776
0.2518569330491818 0.24282557339022776
0.2518569330491818 0.24282557339022776
0.2518569330491818 0.24282557339022776
0.2518569330491818 0.24328980400592057
0.2518569330491818 0.24328980400592057
0.2518569330491818 0.24328980400592057
0.2518569330491818 0.24328980400592057
0.2518569330491818 0.24328980400592057
0.2518569330491818 0.24381717744662193
0.2518569330491818 0.24381717744662193
0.2518569330491818 0.24381717744662193
0.2518569330491818 0.24381717744662193
0.2518569330491818 0.24381717744662193
0.2518569330491818 0.24392661013761638
0.2518569330491818 0.24392661013761638
0.2518569330491818 0.24392661013761638
0.2518569330491818 0.24392661013761638
0.2518569330491818 0.24392661013761638
0.2518569330491818 0.24392661013761638
0.2518569330491818 0.24392661013761638
0.2518569330491818 0.24392661013761638
0.2518569330491818 0.24392661013761638
0.2518569330491818 0.24392661013761638
0.2518569330491818 0.24392661013761638
0.2518569330491818 0.24392661013761638
0.2518569330491818 0.2440724685827804
0.2518569330491818 0.2440724685827804
0.2518569330491818 0.2440724685827804
0.2518569330491818 0.2440724685827804
0.2518569330491818 0.2440724685827804
0.2518569330491818 0.2440724685827804
0.2518569330491818 0.2440724685827804
0.2518569330491818 0.2440724685827804
0.2518569330491818 0.2440724685827804
0.2518569330491818 0.2440724685827804
0.2518569330491818 0.2440724685827804
0.25580180585842405 0.2444578511583289
0.25580180585842405 0.2444578511583289
0.25580180585842405 0.2444578511583289
0.25580180585842405 0.2444578511583289
0.25580180585842405 0.2444578511583289
0.25580180585842405 0.2444578511583289
0.25580180585842405 0.2444578511583289
0.25580180585842405 0.2444578511583289
0.25580180585842405 0.2444578511583289
0.25580180585842405 0.2444578511583289
0.25580180585842405 0.2444578511583289
0.25580180585842405 0.2444578511583289
0.25580180585842405 0.2444578511583289
0.25580180585842405 0.2444578511583289
0.25580180585842405 0.2444578511583289
0.25580180585842405 0.2448169422935311
0.25580180585842405 0.2448169422935311
0.25580180585842405 0.2448169422935311
0.25580180585842405 0.2448169422935311
0.25580180585842405 0.2448169422935311
0.25580180585842405 0.2448169422935311
0.25580180585842405 0.2448169422935311
0.25580180585842405 0.2448169422935311
0.25580180585842405 0.2448169422935311
0.25580180585842405 0.2448169422935311
0.25580180585842405 0.2448169422935311
0.25580180585842405 0.2448169422935311
0.25580180585842405 0.24552429093394584
0.2598031545749254 0.2461504206957386
0.2598031545749254 0.24654001311744272
0.2598031545749254 0.24654001311744272
0.2598031545749254 0.24654001311744272
0.2598031545749254 0.24654001311744272
0.2598031545749254 0.24654001311744272
0.2598031545749254 0.24654001311744272
0.2598031545749254 0.24654001311744272
0.2598031545749254 0.24654001311744272
0.2598031545749254 0.24654001311744272
0.2598031545749254 0.24654001311744272
0.2598031545749254 0.24654001311744272
0.2598031545749254 0.24654001311744272
0.2598031545749254 0.24654001311744272
0.2598031545749254 0.24654001311744272
0.2598031545749254 0.24654001311744272
0.2598031545749254 0.24654001311744272
0.2598031545749254 0.24654001311744272
0.2598031545749254 0.24654001311744272
0.2598031545749254 0.24654001311744272
0.2598031545749254 0.24654001311744272
0.2598031545749254 0.24654001311744272
0.2598031545749254 0.24654001311744272
0.2598031545749254 0.24654001311744272
0.2598031545749254 0.24654001311744272
0.2598031545749254 0.24654001311744272
0.2598031545749254 0.24654001311744272
0.2598031545749254 0.24654001311744272
0.2598031545749254 0.24654001311744272
0.2598031545749254 0.24654001311744272
0.2598031545749254 0.24654001311744272
0.2598031545749254 0.24656381436572805
0.2598031545749254 0.24656381436572805
0.2598031545749254 0.24656381436572805
0.2598031545749254 0.24656381436572805
0.2598031545749254 0.24656381436572805
0.2598031545749254 0.24656381436572805
0.2598031545749254 0.24656381436572805
0.2598031545749254 0.24656381436572805
0.2598031545749254 0.24656381436572805
0.2598031545749254 0.24656381436572805
0.2598031545749254 0.24656381436572805
0.2598031545749254 0.24656381436572805
0.2598031545749254 0.24656381436572805
0.2598031545749254 0.24656381436572805
0.2598031545749254 0.24656381436572805
0.2598031545749254 0.24656381436572805
0.2598031545749254 0.24677302601263784
0.2598031545749254 0.24677302601263784
0.2598031545749254 0.24677302601263784
0.2598031545749254 0.24677302601263784
0.2598031545749254 0.24677302601263784
0.2598031545749254 0.24677302601263784
0.2598031545749254 0.24677302601263784
0.2598031545749254 0.24677302601263784
0.2598031545749254 0.24679571611212947
0.2598031545749254 0.24679571611212947
0.2598031545749254 0.24679571611212947
0.2598031545749254 0.24679571611212947
0.2598031545749254 0.24679571611212947
0.2598031545749254 0.24679571611212947
0.2598031545749254 0.24679571611212947
0.2598031545749254 0.24679571611212947
0.2598031545749254 0.24679571611212947
0.2598031545749254 0.24701558464174728
0.2598031545749254 0.24701558464174728
0.2598031545749254 0.24701558464174728
0.2598031545749254 0.24701558464174728
0.2598031545749254 0.24701558464174728
0.2598031545749254 0.24701558464174728
0.2598031545749254 0.24701558464174728
0.2598031545749254 0.24720464275165976
0.2598031545749254 0.24720464275165976
0.2598031545749254 0.24720464275165976
0.2598031545749254 0.24720464275165976
0.2598031545749254 0.24720464275165976
0.2598031545749254 0.24720464275165976
0.2598031545749254 0.24720464275165976
0.2598031545749254 0.24720464275165976
0.2598031545749254 0.24720464275165976
0.2598031545749254 0.24720464275165976
0.2598031545749254 0.24720464275165976
0.2598031545749254 0.24720464275165976
0.2598031545749254 0.24720464275165976
0.2598031545749254 0.2473605494629209
0.2598031545749254 0.2473605494629209
0.2598031545749254 0.2473605494629209
0.2598031545749254 0.2473605494629209
0.2598031545749254 0.2473605494629209
0.2598031545749254 0.2473605494629209
0.2598031545749254 0.24789417273670367
0.2598031545749254 0.24789417273670367
0.2598031545749254 0.24789417273670367
0.2598031545749254 0.24789417273670367
0.2598031545749254 0.24789417273670367
0.2598031545749254 0.24789417273670367
0.2598031545749254 0.24789417273670367
0.2598031545749254 0.24789417273670367
0.2598031545749254 0.24789417273670367
0.2598031545749254 0.24789417273670367
0.2598031545749254 0.24789417273670367
0.2598031545749254 0.24789417273670367
0.2598031545749254 0.24789417273670367
0.2598031545749254 0.24789417273670367
0.2598031545749254 0.24789417273670367
0.2598031545749254 0.24789417273670367
0.2598031545749254 0.24789417273670367
0.2598031545749254 0.24789417273670367
0.2598031545749254 0.24789417273670367
0.2598031545749254 0.24789417273670367
0.2598031545749254 0.24789417273670367
0.2598031545749254 0.24789417273670367
0.2598031545749254 0.24789417273670367
0.2598031545749254 0.24789417273670367
0.2598031545749254 0.24789417273670367
0.2598031545749254 0.24789417273670367
0.2598031545749254 0.24789417273670367
0.2598031545749254 0.24789417273670367
0.2598031545749254 0.24789417273670367
0.2598031545749254 0.24789417273670367
0.2598031545749254 0.24789417273670367
0.2598031545749254 0.24789417273670367
0.2598031545749254 0.24789417273670367
0.2598031545749254 0.24789417273670367
0.2598031545749254 0.24789417273670367
0.2598031545749254 0.24789417273670367
0.2598031545749254 0.24789417273670367
0.2598031545749254 0.24789417273670367
0.2598031545749254 0.24789417273670367
0.2598031545749254 0.24789417273670367
0.2598031545749254 0.24789417273670367
0.2598031545749254 0.24789417273670367
0.2598031545749254 0.24789417273670367
0.2598031545749254 0.24789417273670367
0.2598031545749254 0.24789417273670367
0.2598031545749254 0.24789417273670367
0.2598031545749254 0.24789417273670367
0.2598031545749254 0.24789417273670367
0.2598031545749254 0.24789417273670367
0.2598031545749254 0.24789417273670367
0.2598031545749254 0.24789417273670367
0.2598031545749254 0.24789417273670367
0.2598031545749254 0.24789417273670367
0.2598031545749254 0.24789417273670367
0.2598031545749254 0.24789417273670367
0.2598031545749254 0.24789417273670367
0.2598031545749254 0.24789417273670367
0.2598031545749254 0.24789417273670367
0.2598031545749254 0.24789417273670367
0.2598031545749254 0.24789417273670367
0.2598031545749254 0.2480249063221878
0.2598031545749254 0.2480249063221878
0.2598031545749254 0.2480249063221878
0.2598031545749254 0.2480249063221878
0.2598031545749254 0.2480249063221878
0.2598031545749254 0.2480249063221878
0.2598031545749254 0.2480249063221878
0.2598031545749254 0.2480249063221878
0.2598031545749254 0.2480249063221878
0.2598031545749254 0.2480249063221878
0.2598031545749254 0.2480249063221878
0.2598031545749254 0.2480249063221878
0.2598031545749254 0.2480249063221878
0.2598031545749254 0.2480249063221878
0.2598031545749254 0.2480249063221878
0.2598031545749254 0.2480249063221878
0.2598031545749254 0.2480249063221878
0.2598031545749254 0.2480249063221878
0.2598031545749254 0.2480249063221878
0.2598031545749254 0.2480249063221878
0.2598031545749254 0.2480249063221878
0.2598031545749254 0.2480249063221878
0.2598031545749254 0.2480249063221878
0.2598031545749254 0.2480249063221878
0.2598031545749254 0.2480249063221878
0.2598031545749254 0.2480249063221878
0.2598031545749254 0.2480249063221878
0.2598031545749254 0.2480249063221878
0.2598031545749254 0.2480249063221878
0.2598031545749254 0.2480249063221878
0.2598031545749254 0.2480249063221878
0.2598031545749254 0.2480249063221878
0.2598031545749254 0.2480249063221878
0.2598031545749254 0.24814718469369365
0.2598031545749254 0.24818353457454767
0.2598031545749254 0.24818353457454767
0.2598031545749254 0.24818353457454767
0.2598031545749254 0.24818353457454767
0.2598031545749254 0.24818353457454767
0.2598031545749254 0.24818353457454767
0.2598031545749254 0.24818353457454767
0.2598031545749254 0.24818353457454767
0.2598031545749254 0.24818353457454767
0.2598031545749254 0.24818353457454767
0.2598031545749254 0.24818353457454767
Final fitness: 0.2598031545749254
[0.013105090674386345, 0.2, 0.39844364113222563, 0.22883074813512339, 0.03538447551661578, 0.5151960709175564, 0.3, 0.5, 0.4970066662405324, 0.0, 0.09896609394852998, 0.051408919274833736, 0.0, 0.4660775652586276, 0.1889772225925276, 0.20476202563173906, 0.09863218091972117, 0.0, 0.22147681148519022, 0.3, 0.021054980916378446, 0.2, 0.2, 0.21595191019161566, 0.01933504880672679, 0.1, 0.39634958970508993, 0.20161191416381635, 0.20002691335650633, 0.005765382907495634, 0.0, 0.3997551919803778, 0.09691053446089548, 0.39654773085122547, 0.028976546623323357, 0.0, 0.5, 0.288442165118061, 0.13215595450153933, 0.5, 0.5121146994210759, 0.5207248320994865, 0.2, 0.14022725152869794, 0.1058286264307543, 0.1, 0.10000086002325667, 0.5506467340426529, 0.5, 0.1001242323002618, 0.20166200451605115, 0.28359417863003233, 0.2, 0.014951158526832709, 0.200501063840085, 0.027014679392465518, 0.30919004827632224, 0.0027572073999747593, 0.30592068259393584, 0.39009265911215435, 0.10558250889840819, 0.1, 0.19777710286206251, 0.48656465941588195, 0.4005187193980848, 0.3032109028084865, 0.40081570276488576, 0.40656166910756764, 0.10673361184579555, 0.3015771172673159, 0.5, 0.4999777204189266, 0.4949835984209936, 0.0, 0.22116257344299273, 0.1929581652034298, 0.003549504842380133, 0.3, 0.3, 0.1, 0.19711587611862944, 0.0030033200509447903, 0.2974745920328224, 0.2, 0.06013537483813322, 0.4310405722571888, 0.20469509644805756, 0.2, 0.023169436516354225, 0.1809629215361449, 0.4320726989586309, 0.09382363214654868, 0.2991349217360506, 0.10800943204241965, 0.00012736913317563936, 0.5, 0.1037652487268303, 0.3983608323254105, 0.03767296131516061, 0.28101322631990344, 0.2, 0.40020225619528393, 0.2, 0.4033077617603369, 0.25115992104700713, 0.4, 0.20202484513866917, 0.014656944169491787, 0.5, 0.3056791457866471, 0.5073957688199786, 0.09793406951432979, 0.3, 0.32191704229836104, 0.29950374757396886, 0.2053117363437862, 0.1974152893270047, 0.2, 0.39269635886453536, 0.3, 0.4, 0.4016573727248431, 0.30016409122658183, 0.10573981134548302, 0.5, 0.3, 0.09744125885866756, 0.5, 0.4, 0.005998980565017263, 0.08625255610049454, 0.0932573307794052, 0.009171689863993138, 0.38767144217314947, 0.3975209925257003, 0.5, 0.3, 0.4, 0.5026381748296773, 0.4, 0.2737228311457365, 0.003676423236829346, 0.5, 0.2858819723504017, 0.5, 0.4, 0.10167066144115647, 0.19967264522042993, 0.0005516348329589749, 0.529046837138493, 0.5, 0.5004052111223536, 0.10345523524911668, 0.2003394902982683, 0.1, 0.1000133121298646, 0.08920270121482125, 0.28098977215464593, 0.10154553062146944, 0.2, 0.3217454869335196, 0.39783162859368265, 0.00016774579454662333, 0.01840776535269685, 0.0056494782312175515, 0.0975649434442723, 0.4, 0.1, 0.10851683901994089, 0.4, 0.4, 0.5144174006262323, 0.4, 0.6200324367435508, 0.0, 0.45803890648594964, 0.10899504821726254, 0.5, 0.1, 0.294563449070047, 0.5, 0.3017581397013823, 0.4986103324394148, 0.19805084523083596, 0.32449509955400563, 0.18075901813859196, 0.0018444593790970382, 0.3, 0.0, 0.2051788542355292, 0.38839240507595, 0.5199373691470556, 0.01034998956480615, 0.5, 0.4, 0.03912587921235755, 0.20484388928069497, 0.40000245229390624, 0.2, 0.39665113928857415]
