1 7.0 [1, 4, 6]
2 9.0 [2, 6]
3 14.0 [1, 5]
4 0.0 [2, 4]
5 4.0 [5, 8]
6 7.0 [1, 7]
7 11.0 [1, 5]
8 3.0 [1, 2, 5]
9 10.0 [1, 4, 8]
10 10.0 [2, 5]
11 15.0 [1, 3, 4]
12 6.0 [4, 5]
13 12.0 [2, 7]
14 3.0 [1, 3, 4]
15 16.0 [4, 5, 6]
16 13.0 [1, 6, 8]
17 11.0 [4, 6, 8]
18 15.0 [3, 4]
19 5.0 [1, 7]
20 7.0 [1, 4, 5]
(13, 20)
(5, 7)
(9, 20)
(19, 20)
(8, 12)
(8, 17)
(15, 16)
(3, 4)
(12, 17)
(4, 16)
(4, 13)
(3, 9)
(8, 15)
(10, 13)
(15, 18)
(12, 18)
(17, 19)
(13, 15)
(17, 20)
(6, 16)
(9, 15)
(6, 13)
(4, 5)
(18, 20)
(13, 19)
(17, 18)
(7, 10)
(10, 16)
(13, 16)
(1, 3)
(1, 6)
(18, 19)
(12, 13)
(7, 15)
(16, 20)
(7, 19)
(14, 16)
(9, 11)
(14, 20)
(11, 20)
(6, 7)
(3, 11)
(9, 10)
(4, 8)
1 9949.0 [7, 5, 8]
2 9882.0 [5, 8, 2]
3 10029.0 [2, 7, 5]
4 10072.0 [3, 1, 6]
5 10250.0 [3, 1, 4]
6 9818.0 [6, 8, 2]
7 9928.0 [8, 3, 6]
8 9976.0 [3, 8, 5]
9 10053.0 [8, 5, 6]
10 10072.0 [5, 8, 1]
0.00875715205162434 0.0064761016668522945
0.24369873766607808 0.008728308630038274
0.2442597898999923 0.2045106622547615
0.24628018579409794 0.22927233042697198
0.24628018579409794 0.23147255150824875
0.24628018579409794 0.2328250660765672
0.24628018579409794 0.2335381301539989
0.24628018579409794 0.23435363624561062
0.24628018579409794 0.23638886665734432
0.24628018579409794 0.2397026467955877
0.24628018579409794 0.2404599296932997
0.24628018579409794 0.2404599296932997
0.24628018579409794 0.24081153458292404
0.24680402410191818 0.24105578593214372
0.24680402410191818 0.24105578593214372
0.24680402410191818 0.24105578593214372
0.24680402410191818 0.24105578593214372
0.24680402410191818 0.24105578593214372
0.24680402410191818 0.2414170981106683
0.24680402410191818 0.2414170981106683
0.24680402410191818 0.2414170981106683
0.24680402410191818 0.2414170981106683
0.24680402410191818 0.24187510862262238
0.24680402410191818 0.2422056148464793
0.24680402410191818 0.2422056148464793
0.24680402410191818 0.2422056148464793
0.24680402410191818 0.2422056148464793
0.24680402410191818 0.2422056148464793
0.24680402410191818 0.2422056148464793
0.24680402410191818 0.2422056148464793
0.24680402410191818 0.24254040238479027
0.24680402410191818 0.24254040238479027
0.24680402410191818 0.24254040238479027
0.24680402410191818 0.24254040238479027
0.24680402410191818 0.24254040238479027
0.24680402410191818 0.24254040238479027
0.24680402410191818 0.24254040238479027
0.24680402410191818 0.24254040238479027
0.24680402410191818 0.24254040238479027
0.24680402410191818 0.24254040238479027
0.24680402410191818 0.24254040238479027
0.24680402410191818 0.24254040238479027
0.24680402410191818 0.24254040238479027
0.24680402410191818 0.24254040238479027
0.24680402410191818 0.24254040238479027
0.24680402410191818 0.24254040238479027
0.24680402410191818 0.24254040238479027
0.24680402410191818 0.24254040238479027
0.24787342933251405 0.24259553106478876
0.24787342933251405 0.24259553106478876
0.24787342933251405 0.24259553106478876
0.24787342933251405 0.24259553106478876
0.24787342933251405 0.24259553106478876
0.24787342933251405 0.24259553106478876
0.24787342933251405 0.24259553106478876
0.24787342933251405 0.24259553106478876
0.24787342933251405 0.24308481989466516
0.24787342933251405 0.24308481989466516
0.24787342933251405 0.24308481989466516
0.24787342933251405 0.24308481989466516
0.24787342933251405 0.24308481989466516
0.24787342933251405 0.24308481989466516
0.24787342933251405 0.24308481989466516
0.24787342933251405 0.24308481989466516
0.24787342933251405 0.24308481989466516
0.24787342933251405 0.24308481989466516
0.24787342933251405 0.24308481989466516
0.24787342933251405 0.24308481989466516
0.24787342933251405 0.24308481989466516
0.24787342933251405 0.24319961852412394
0.24983617092181348 0.243262544732503
0.24983617092181348 0.24400966090947332
0.24983617092181348 0.24400966090947332
0.24983617092181348 0.24400966090947332
0.24983617092181348 0.24400966090947332
0.24983617092181348 0.24400966090947332
0.24983617092181348 0.24400966090947332
0.24983617092181348 0.2442597898999923
0.24983617092181348 0.24426690271671536
0.24983617092181348 0.24431397096888754
0.24983617092181348 0.24431397096888754
0.24983617092181348 0.24431397096888754
0.24983617092181348 0.24431397096888754
0.24983617092181348 0.24431397096888754
0.24983617092181348 0.24431397096888754
0.24983617092181348 0.24431397096888754
0.24983617092181348 0.24431397096888754
0.24983617092181348 0.24431397096888754
0.24983617092181348 0.24431397096888754
0.24983617092181348 0.24431397096888754
0.24983617092181348 0.24431397096888754
0.2507296267839403 0.24462116804298167
0.2507296267839403 0.2446287227352197
0.2507296267839403 0.2446287227352197
0.2507296267839403 0.2446287227352197
0.2507296267839403 0.2446287227352197
0.2507296267839403 0.2446287227352197
0.2507296267839403 0.24463830777507034
0.2507296267839403 0.24498458894219716
0.2507296267839403 0.24498458894219716
0.2507296267839403 0.24498458894219716
0.2507296267839403 0.24498458894219716
0.2507296267839403 0.24498458894219716
0.2507296267839403 0.24498458894219716
0.2507296267839403 0.24498458894219716
0.2507296267839403 0.24498458894219716
0.2507296267839403 0.24498458894219716
0.2507296267839403 0.24498458894219716
0.2507296267839403 0.24498458894219716
0.2507296267839403 0.24498458894219716
0.2507296267839403 0.24498458894219716
0.2507296267839403 0.24498458894219716
0.2507296267839403 0.24498458894219716
0.2507296267839403 0.24498458894219716
0.2507296267839403 0.24498458894219716
0.2507296267839403 0.24498458894219716
0.2507296267839403 0.24498458894219716
0.2507296267839403 0.24498458894219716
0.2507296267839403 0.24498458894219716
0.2507296267839403 0.24498458894219716
0.2507296267839403 0.24498458894219716
0.2507296267839403 0.24498458894219716
0.2507296267839403 0.24498458894219716
0.2507296267839403 0.24498458894219716
0.2507296267839403 0.24498458894219716
0.2507296267839403 0.24498458894219716
0.2507296267839403 0.24498458894219716
0.2507296267839403 0.24498458894219716
0.2507296267839403 0.24498458894219716
0.2507296267839403 0.24498458894219716
0.2507296267839403 0.24498458894219716
0.2507296267839403 0.24498458894219716
0.2507296267839403 0.24498458894219716
0.2507296267839403 0.2457780915024596
0.2507296267839403 0.2457780915024596
0.2507296267839403 0.2457780915024596
0.2507296267839403 0.2457780915024596
0.2507296267839403 0.2457780915024596
0.2507296267839403 0.2457780915024596
0.2507296267839403 0.2457780915024596
0.2507296267839403 0.2457780915024596
0.2507296267839403 0.2457780915024596
0.2507296267839403 0.2457780915024596
0.2507296267839403 0.2457780915024596
0.2507296267839403 0.2457780915024596
0.2507296267839403 0.2457780915024596
0.2507296267839403 0.2457780915024596
0.2507296267839403 0.2457780915024596
0.2507296267839403 0.2457780915024596
0.2507296267839403 0.2457780915024596
0.2507296267839403 0.2457780915024596
0.2507296267839403 0.2457780915024596
0.2507296267839403 0.2457780915024596
0.2507296267839403 0.2457780915024596
0.2507296267839403 0.2457780915024596
0.2507296267839403 0.2457780915024596
0.2507296267839403 0.2457780915024596
0.2507296267839403 0.2457780915024596
0.2507296267839403 0.2457780915024596
0.2507296267839403 0.2457780915024596
0.2507296267839403 0.2457780915024596
0.2507296267839403 0.2457780915024596
0.2507296267839403 0.2457780915024596
0.2507296267839403 0.24587480202484133
0.2514613111176564 0.2458961220617044
0.2514613111176564 0.2458961220617044
0.2514613111176564 0.2458961220617044
0.2514613111176564 0.2458961220617044
0.2514613111176564 0.2458961220617044
0.2514613111176564 0.2458961220617044
0.2514613111176564 0.2458961220617044
0.2514613111176564 0.2458961220617044
0.2514613111176564 0.2458961220617044
0.2514613111176564 0.2458961220617044
0.2514613111176564 0.2458961220617044
0.2514613111176564 0.2458961220617044
0.2514613111176564 0.2458961220617044
0.2514613111176564 0.2458961220617044
0.2514613111176564 0.2458961220617044
0.2514613111176564 0.2458961220617044
0.2514613111176564 0.2458961220617044
0.2514613111176564 0.2458961220617044
0.2514613111176564 0.2458961220617044
0.2514613111176564 0.2458961220617044
0.2514613111176564 0.2458961220617044
0.2514613111176564 0.2458961220617044
0.2514613111176564 0.2458961220617044
0.2514613111176564 0.2458961220617044
0.2514613111176564 0.2458961220617044
0.2514613111176564 0.2458961220617044
0.2514613111176564 0.2458961220617044
0.2514613111176564 0.2458961220617044
0.2514613111176564 0.2458961220617044
0.2514613111176564 0.2458961220617044
0.2514613111176564 0.2458961220617044
0.2514613111176564 0.2458961220617044
0.2514613111176564 0.2458961220617044
0.2514613111176564 0.24628018579409794
0.2514613111176564 0.24628018579409794
0.2514613111176564 0.24628018579409794
0.2514613111176564 0.24628018579409794
0.2514613111176564 0.24628018579409794
0.2514613111176564 0.24628018579409794
0.2514613111176564 0.24628018579409794
0.2514613111176564 0.24628018579409794
0.2514613111176564 0.24628018579409794
0.2514613111176564 0.24628018579409794
0.2514613111176564 0.24628018579409794
0.2514613111176564 0.24628018579409794
0.2514613111176564 0.24628018579409794
0.2514613111176564 0.24628018579409794
0.2514613111176564 0.24628018579409794
0.2514613111176564 0.24628018579409794
0.2514613111176564 0.24628018579409794
0.2514613111176564 0.24628018579409794
0.2514613111176564 0.24628018579409794
0.2514613111176564 0.24628018579409794
0.2514613111176564 0.24628018579409794
0.2514613111176564 0.24628018579409794
0.2514613111176564 0.24628018579409794
0.2514613111176564 0.24628018579409794
0.2514613111176564 0.24628018579409794
0.2514613111176564 0.24628018579409794
0.2514613111176564 0.24628018579409794
0.2514613111176564 0.24628018579409794
0.2514613111176564 0.24628018579409794
0.2514613111176564 0.24628018579409794
0.2514613111176564 0.24628018579409794
0.2514613111176564 0.24628018579409794
0.2514613111176564 0.24628018579409794
0.2514613111176564 0.24628018579409794
0.2514613111176564 0.24628018579409794
0.2514613111176564 0.24628018579409794
0.2514613111176564 0.24628018579409794
0.2514613111176564 0.24628018579409794
0.2514613111176564 0.24628018579409794
0.2514613111176564 0.24628018579409794
0.2514613111176564 0.24628018579409794
0.2514613111176564 0.24628018579409794
0.2514613111176564 0.24628018579409794
0.2514613111176564 0.24628018579409794
0.2514613111176564 0.24628018579409794
0.2514613111176564 0.24628018579409794
0.2514613111176564 0.24628018579409794
0.2514613111176564 0.24628018579409794
0.2514613111176564 0.24628018579409794
0.2514613111176564 0.24628018579409794
0.2514613111176564 0.24628018579409794
0.2514613111176564 0.24628018579409794
0.2514613111176564 0.24628018579409794
0.2514613111176564 0.24628018579409794
0.2514613111176564 0.24628018579409794
0.2514613111176564 0.24628018579409794
0.2514613111176564 0.24628018579409794
0.2514613111176564 0.24628018579409794
0.2514613111176564 0.24628018579409794
0.2514613111176564 0.24628018579409794
0.2514613111176564 0.24628018579409794
0.2514613111176564 0.24628018579409794
0.2514613111176564 0.24628018579409794
0.2514613111176564 0.24628018579409794
0.2514613111176564 0.24628018579409794
0.2514613111176564 0.24628018579409794
0.2514613111176564 0.24628018579409794
0.2514613111176564 0.24628018579409794
0.2514613111176564 0.24628018579409794
0.2514613111176564 0.24628018579409794
0.2514613111176564 0.24628018579409794
0.2514613111176564 0.24628018579409794
0.2514613111176564 0.24628979611373275
0.2514613111176564 0.24628979611373275
0.2514613111176564 0.24631897239288889
0.2514613111176564 0.24706198108464864
0.2514613111176564 0.24706198108464864
0.2514613111176564 0.24706198108464864
0.2514613111176564 0.24706198108464864
0.2514613111176564 0.24706198108464864
0.2514613111176564 0.24706198108464864
0.2514613111176564 0.24706198108464864
0.2514613111176564 0.24706198108464864
0.2514613111176564 0.24706198108464864
0.2514613111176564 0.24706198108464864
0.2514613111176564 0.24706198108464864
0.2514613111176564 0.24706198108464864
0.2514613111176564 0.24706198108464864
0.2514613111176564 0.24706198108464864
0.2514613111176564 0.24706198108464864
0.2514613111176564 0.24706198108464864
0.2514613111176564 0.24706198108464864
0.2514613111176564 0.24706198108464864
0.2514613111176564 0.24706198108464864
0.2514613111176564 0.24706198108464864
0.2514613111176564 0.24706198108464864
0.2514613111176564 0.24706198108464864
0.2514613111176564 0.24706198108464864
0.2514613111176564 0.24706198108464864
0.2514613111176564 0.24706198108464864
0.2514613111176564 0.24706198108464864
0.2514613111176564 0.24706198108464864
0.2514613111176564 0.24706198108464864
0.2514613111176564 0.24706198108464864
0.2514613111176564 0.24706198108464864
0.2514613111176564 0.24706198108464864
0.2514613111176564 0.24706198108464864
0.2514613111176564 0.24706198108464864
0.2514613111176564 0.24706198108464864
0.2514613111176564 0.24706198108464864
0.2514613111176564 0.24706198108464864
0.2514613111176564 0.24706198108464864
0.2514613111176564 0.24706198108464864
0.2514613111176564 0.24706198108464864
0.25491732879120327 0.24726143532186987
0.25491732879120327 0.24726143532186987
0.25491732879120327 0.24726143532186987
0.25491732879120327 0.24726143532186987
0.25491732879120327 0.24726143532186987
0.25491732879120327 0.24726143532186987
0.25491732879120327 0.24726143532186987
0.25491732879120327 0.24726143532186987
0.25491732879120327 0.24726143532186987
Final fitness: 0.25491732879120327
[0.19166151075583132, 0.20393699255633727, 0.42446818342302284, 0.3002560202599728, 0.20053045240172251, 0.09845207180219981, 0.30255174601786855, 0.413410663850182, 0.41323567678817624, 0.4397101235260435, 0.5045139341478626, 0.021444985676111528, 0.503206181485857, 0.19974701662837838, 0.020836391261931812, 0.010414666085399732, 0.5209212118866989, 0.29226272905159084, 0.04158614785436032, 0.023085817354896787, 0.5, 0.2, 0.3762670151084059, 0.015613739231531337, 0.49831127671709907, 0.40018120342648444, 0.2880251669581078, 0.31053286877818603, 0.20227550977352646, 0.33577651092973365, 0.49624001681037033, 0.4935947115419577, 0.297998167932852, 0.1969544527960414, 0.3040181254140776, 0.2, 0.48760378820528893, 0.2840297625358093, 0.07758357509026947, 0.0504142584368909, 0.49410803598979336, 0.10371624596924603, 0.16352677499206036, 0.41400555013501483, 0.0, 0.3153230923029056, 0.5349317092466987, 0.29969233268177453, 0.4001276840636103, 0.2071399910357683, 0.09550028184258312, 0.12379044668434487, 0.1999345600402947, 0.18294732261550073, 0.3150766098761422, 0.5627957601455891, 0.2922393409420983, 0.02798424014716447, 0.016349439892264908, 0.4065684225896091, 0.5052782816361681, 0.12727094295611036, 0.40154166775793365, 0.09733133085744049, 0.4856108524130032, 0.4043381300386758, 0.17905047647703431, 0.13248164497233117, 0.10441835087170243, 0.18280324131313808, 0.09671767644537063, 0.523755608306916, 0.0033711066808433734, 0.336391083808096, 0.004694149255740951, 0.30250035126214725, 0.003105218708068909, 0.6488514208665204, 0.4999245636478453, 0.5, 0.39985455653158436, 0.5117131379917725, 0.39108151634649024, 0.29989423888778627, 4.065535710906553e-05, 0.4111057113895381, 0.2985956783115984, 0.4984262315659226, 0.11021937691998925, 0.2, 0.29998354129877247, 0.49924157161088173, 0.5374306524187035, 0.4491001311262283, 0.37209060895681056, 0.09937262185546113, 0.20078267869839447, 0.20213068433855913, 0.36839862224825215, 0.021903445000695014, 0.20104099793154093, 0.20016835318954165, 0.3, 0.058836446185430366, 0.050726752400839625, 0.4882537144606531, 0.2, 0.3999989377038369, 0.4404108359779074, 0.0006782088859984443, 0.491482705651734, 0.09569995699516684, 0.0994988541795503, 0.06674395251128348, 0.0999931423892836, 0.3188543703347986, 0.4792400200797172, 0.004290175326530539, 0.1330493120302223, 0.009157691029994336, 0.10140090080874015, 0.39273670526891824, 0.19595561090538635, 0.5008830114862223, 0.16101241780799014, 0.0012823531326700485, 0.2997997167211895, 0.32322551896155594, 0.20853577801878398, 0.313643059605215, 0.02037869256566613, 0.17896691168371398, 0.023041552413714222, 0.10270464094242078, 0.4290055340957584, 0.009103890178773819, 0.10641618162067008, 0.08120164951860953, 0.2078104763461333, 0.2932987293651995, 0.492002893766897, 0.5, 0.09789408657734815, 0.6254919157649345, 0.2840198359992191, 0.008550677882237734, 0.08287165500732588, 0.20811939729753845, 0.4501171092273804, 0.48717782210550176, 0.38875575642851173, 0.0022584603190765884, 0.19250168419181518, 0.31174930597219536, 0.2055593883441373, 0.19675837501062232, 0.00959303098384745, 0.394393267698729, 0.016371926867506797, 0.20101782287898867, 0.5068962151373794, 0.30237270174224956, 0.4097438225228506, 0.4999931985973732, 0.17932762636023963, 0.014937910945447493, 0.19621820460441197, 0.09778562657885223, 0.4004764704404051, 0.4079993070496205, 0.031857687636660886, 0.09861442095563416, 0.0036189535531573197, 0.09710188599509537, 0.007178793001040663, 0.09974332580566538, 0.3039143726794258, 0.29824719683695644, 0.2575506720223772, 0.21414734182715947, 0.6772673662798128, 0.49223136810581325, 0.027208451181715804, 0.0049952374747223565, 0.20046181530643883, 0.1, 0.14800396920235176, 0.380120799727025, 0.09558737384712167, 0.11583875413702918, 0.4813058260750209, 0.48742368596149954, 0.49560121758132014, 0.27408750110753116, 0.5627324633352389, 0.1, 0.39986131192332425, 0.10504633695462082, 0.20275479202029933, 0.007980113464397986]
