1 6.0 [4, 6, 8]
2 16.0 [1, 4, 7]
3 17.0 [1, 5, 7]
4 2.0 [8, 9]
5 6.0 [2, 8, 9]
6 13.0 [1, 3]
7 17.0 [5, 7, 10]
8 9.0 [1, 3, 5]
9 10.0 [5, 8]
10 10.0 [4, 5]
(5, 7)
(8, 9)
(1, 2)
(4, 5)
(6, 10)
(8, 10)
(1, 4)
(3, 7)
1 10067.0 [7, 1, 2]
2 10052.0 [1, 2, 8]
3 9901.0 [2, 3, 9]
4 9851.0 [6, 5, 7]
5 9994.0 [5, 9, 3]
6 10057.0 [3, 5, 1]
7 10043.0 [5, 3, 8]
8 10031.0 [8, 6, 10]
9 10003.0 [8, 6, 4]
10 9763.0 [8, 10, 7]
11 10190.0 [9, 2, 3]
12 9873.0 [8, 2, 5]
13 9955.0 [10, 6, 2]
14 10033.0 [5, 9, 6]
15 9984.0 [9, 6, 3]
16 9933.0 [2, 4, 10]
17 10078.0 [3, 4, 7]
18 9885.0 [7, 1, 10]
19 9863.0 [8, 7, 10]
20 9955.0 [7, 10, 8]
0.009588511529096629 0.008669556863596738
0.00962057717304132 0.00954712242292413
0.009647620383654801 0.009565951214253875
0.009647620383654801 0.0095834791833949
0.009647620383654801 0.00959152311518788
0.009647620383654801 0.009594380038658078
0.009647620383654801 0.00959534783657457
0.009647620383654801 0.00959534783657457
0.009647620383654801 0.009596072990994785
0.009647620383654801 0.009598062114723012
0.009647620383654801 0.009600926644147013
0.009647620383654801 0.009600926644147013
0.009647620383654801 0.009602946289623595
0.009647620383654801 0.009602946289623595
0.009647620383654801 0.009602946289623595
0.009647620383654801 0.009605557147313239
0.009647620383654801 0.009607097100588767
0.009647620383654801 0.009609781173135889
0.009647620383654801 0.009609781173135889
0.009647620383654801 0.009609781173135889
0.009647620383654801 0.009609781173135889
0.009647620383654801 0.009609781173135889
0.009647620383654801 0.009609781173135889
0.009647620383654801 0.009609781173135889
0.009647620383654801 0.009609781173135889
0.009647620383654801 0.009609781173135889
0.009647620383654801 0.009609781173135889
0.009647620383654801 0.009609781173135889
0.009647620383654801 0.009609781173135889
0.009658118816414102 0.009612152937852808
0.009658118816414102 0.009612152937852808
0.009658118816414102 0.009612152937852808
0.009658118816414102 0.009612152937852808
0.009658118816414102 0.009612152937852808
0.009658118816414102 0.009612152937852808
0.009658118816414102 0.009612152937852808
0.009658118816414102 0.009612152937852808
0.009658118816414102 0.009612152937852808
0.009658118816414102 0.009612152937852808
0.009658118816414102 0.009612152937852808
0.009658118816414102 0.009612152937852808
0.009658118816414102 0.009612152937852808
0.009658118816414102 0.009612152937852808
0.009658118816414102 0.009612152937852808
0.009658118816414102 0.009612152937852808
0.009658118816414102 0.009612152937852808
0.009658118816414102 0.009612152937852808
0.009658118816414102 0.009612152937852808
0.009658118816414102 0.009612152937852808
0.009658118816414102 0.009612152937852808
0.009658118816414102 0.009612152937852808
0.009658118816414102 0.009612152937852808
0.009658118816414102 0.00961281670079215
0.009658118816414102 0.00961281670079215
0.009658118816414102 0.00961281670079215
0.009658118816414102 0.00961281670079215
0.009658118816414102 0.00961281670079215
0.009658118816414102 0.00961281670079215
0.009658118816414102 0.00961281670079215
0.009658118816414102 0.00961281670079215
0.009658118816414102 0.00961281670079215
0.009658118816414102 0.00961281670079215
0.009658118816414102 0.00961281670079215
0.009658118816414102 0.00961281670079215
0.009658118816414102 0.00961281670079215
0.009658118816414102 0.00961281670079215
0.009658118816414102 0.00961281670079215
0.009658118816414102 0.00961281670079215
0.009658118816414102 0.00961281670079215
0.009658118816414102 0.00961281670079215
0.009658118816414102 0.00961281670079215
0.009658118816414102 0.00961281670079215
0.009658118816414102 0.00961281670079215
0.009658118816414102 0.00961281670079215
0.009658118816414102 0.00961281670079215
0.009658118816414102 0.00961281670079215
0.009658118816414102 0.00961281670079215
0.009658118816414102 0.00961281670079215
0.009658118816414102 0.00961281670079215
0.009658118816414102 0.00961281670079215
0.009658118816414102 0.00961281670079215
0.009658118816414102 0.00961281670079215
0.009658118816414102 0.00961281670079215
0.009658118816414102 0.00961281670079215
0.009658118816414102 0.00961281670079215
0.009658118816414102 0.00961281670079215
0.009658118816414102 0.00961281670079215
0.009658118816414102 0.00961281670079215
0.009658118816414102 0.00961281670079215
0.009658118816414102 0.00961281670079215
0.009658118816414102 0.00961281670079215
0.009658118816414102 0.00961281670079215
0.009658118816414102 0.00961281670079215
0.009658118816414102 0.00961281670079215
0.009658118816414102 0.00961281670079215
0.009658118816414102 0.00961281670079215
0.009658118816414102 0.00961281670079215
0.009658118816414102 0.00961281670079215
0.009658118816414102 0.00961281670079215
0.009658118816414102 0.00961281670079215
0.009658118816414102 0.00961281670079215
0.009658118816414102 0.00961281670079215
0.009658118816414102 0.00961281670079215
0.009658118816414102 0.00961281670079215
0.009658118816414102 0.00961281670079215
0.009658118816414102 0.00961281670079215
0.009658118816414102 0.00961281670079215
0.009658118816414102 0.00961281670079215
0.009658118816414102 0.00961281670079215
0.009658118816414102 0.00961281670079215
0.009658118816414102 0.00961281670079215
0.009658118816414102 0.00961281670079215
0.009658118816414102 0.00961281670079215
0.009658118816414102 0.00961281670079215
0.009658118816414102 0.00961281670079215
0.009658118816414102 0.00961281670079215
0.009658118816414102 0.00961281670079215
0.009658118816414102 0.00961281670079215
0.009658118816414102 0.00961281670079215
0.009658118816414102 0.00961281670079215
0.009658118816414102 0.00961281670079215
0.009658118816414102 0.00961281670079215
0.009658118816414102 0.00961281670079215
0.009658118816414102 0.00961281670079215
0.009658118816414102 0.009613099652732993
0.009658118816414102 0.009613099652732993
0.009658118816414102 0.009613099652732993
0.009658118816414102 0.009613099652732993
0.009658118816414102 0.009613099652732993
0.009658118816414102 0.009613099652732993
0.009658118816414102 0.009613099652732993
0.009658118816414102 0.009613099652732993
0.009658118816414102 0.009613099652732993
0.009658118816414102 0.009613099652732993
0.009658118816414102 0.009613099652732993
0.009658118816414102 0.009613099652732993
0.009658118816414102 0.009613099652732993
0.009658118816414102 0.009613099652732993
0.009658118816414102 0.009613099652732993
0.009658118816414102 0.009613099652732993
0.009658118816414102 0.009613099652732993
0.009658118816414102 0.009613099652732993
0.009658118816414102 0.009613099652732993
0.009658118816414102 0.009613099652732993
0.009658118816414102 0.009613099652732993
0.009658118816414102 0.009613099652732993
0.009658118816414102 0.009613099652732993
0.009658118816414102 0.009613099652732993
0.009658118816414102 0.009613099652732993
0.009658118816414102 0.009613099652732993
0.009658118816414102 0.009613099652732993
0.009658118816414102 0.009613099652732993
0.009658118816414102 0.009613099652732993
0.009658118816414102 0.009613099652732993
0.009658118816414102 0.009613099652732993
0.009658118816414102 0.009613099652732993
0.009658118816414102 0.009613099652732993
0.009658118816414102 0.009613099652732993
0.009658118816414102 0.009613099652732993
0.009658118816414102 0.009613099652732993
0.009658118816414102 0.009613099652732993
0.009658118816414102 0.009613099652732993
0.009658118816414102 0.009613099652732993
0.009658118816414102 0.009613099652732993
0.009658118816414102 0.009613099652732993
0.009658118816414102 0.009613099652732993
0.009658118816414102 0.009613099652732993
0.009658118816414102 0.009613099652732993
0.009658118816414102 0.009613099652732993
0.009658118816414102 0.009613099652732993
0.009658118816414102 0.009613099652732993
0.009658118816414102 0.009613099652732993
0.009658118816414102 0.009613099652732993
0.009658118816414102 0.009613099652732993
0.009658118816414102 0.009613099652732993
0.009658118816414102 0.009613099652732993
0.009658118816414102 0.009613099652732993
0.009658118816414102 0.009613099652732993
0.009658118816414102 0.009613099652732993
0.009658118816414102 0.009613099652732993
0.009658118816414102 0.009613099652732993
0.009658118816414102 0.009613099652732993
0.009658118816414102 0.009613099652732993
0.009658118816414102 0.009613099652732993
0.009658118816414102 0.009613099652732993
0.009658118816414102 0.009613099652732993
0.009658118816414102 0.009613099652732993
0.009658118816414102 0.009613099652732993
0.009658118816414102 0.009613596498671571
0.009658118816414102 0.009614250334939714
0.009658118816414102 0.009614250334939714
0.009658118816414102 0.009614250334939714
0.009658118816414102 0.009614250334939714
0.009658118816414102 0.009614250334939714
0.009658118816414102 0.009614250334939714
0.009658118816414102 0.009614250334939714
0.009658118816414102 0.009614250334939714
0.009658118816414102 0.009614700959216141
0.009658118816414102 0.009614700959216141
0.009658118816414102 0.009618183486485481
0.009658118816414102 0.009618183486485481
0.009658118816414102 0.009618183486485481
0.009658118816414102 0.009618183486485481
0.009658118816414102 0.009618183486485481
0.009658118816414102 0.009618183486485481
0.009658118816414102 0.009618183486485481
0.009658118816414102 0.009618183486485481
0.009658118816414102 0.009618183486485481
0.009658118816414102 0.009618183486485481
0.009658118816414102 0.009618183486485481
0.009658118816414102 0.009618183486485481
0.009658118816414102 0.009618183486485481
0.009658118816414102 0.009618183486485481
0.009658118816414102 0.009618183486485481
0.009658118816414102 0.009618183486485481
0.009658118816414102 0.009618183486485481
0.009658118816414102 0.009618183486485481
0.009658118816414102 0.009618183486485481
0.009658118816414102 0.009618183486485481
0.009658118816414102 0.009618183486485481
0.009658118816414102 0.009618183486485481
0.009658118816414102 0.009618183486485481
0.009658118816414102 0.009618183486485481
0.009658118816414102 0.009618183486485481
0.009658118816414102 0.009618183486485481
0.009658118816414102 0.009618183486485481
0.009658118816414102 0.009618183486485481
0.009658118816414102 0.009618183486485481
0.009658118816414102 0.009618183486485481
0.009658118816414102 0.009618183486485481
0.009658118816414102 0.009618183486485481
0.009658118816414102 0.009618183486485481
0.009658118816414102 0.009618183486485481
0.009658118816414102 0.009618183486485481
0.009658118816414102 0.009618183486485481
0.009658118816414102 0.009618183486485481
0.009658118816414102 0.009618183486485481
0.009658118816414102 0.009618183486485481
0.009658118816414102 0.009618183486485481
0.009658118816414102 0.009618183486485481
0.009658118816414102 0.009618183486485481
0.009658118816414102 0.009618183486485481
0.009658118816414102 0.009618183486485481
0.009658118816414102 0.009618183486485481
0.009658118816414102 0.009618183486485481
0.009658118816414102 0.009618183486485481
0.009658118816414102 0.009618183486485481
0.009658118816414102 0.009618183486485481
0.009658118816414102 0.009618183486485481
0.009658118816414102 0.009618183486485481
0.009658118816414102 0.009618183486485481
0.009658118816414102 0.009618183486485481
0.009658118816414102 0.009618183486485481
0.009658118816414102 0.009618183486485481
0.009658118816414102 0.009618183486485481
0.009658118816414102 0.009618183486485481
0.009658118816414102 0.009618183486485481
0.009658118816414102 0.00961944903501357
0.009658118816414102 0.00961944903501357
0.009658118816414102 0.00961944903501357
0.009658118816414102 0.00961944903501357
0.009658118816414102 0.00961944903501357
0.009658118816414102 0.00961944903501357
0.009658118816414102 0.00961944903501357
0.009658118816414102 0.00961944903501357
0.009658118816414102 0.00961944903501357
0.009658118816414102 0.00961944903501357
0.009658118816414102 0.00961944903501357
0.009658118816414102 0.00961944903501357
0.009658118816414102 0.00961944903501357
0.009658118816414102 0.00961944903501357
0.009658118816414102 0.00961944903501357
0.009658118816414102 0.00961944903501357
0.009658118816414102 0.00962018996524818
0.009658118816414102 0.00962018996524818
0.009658118816414102 0.00962018996524818
0.009658118816414102 0.00962018996524818
0.009658118816414102 0.00962018996524818
0.009658118816414102 0.00962018996524818
0.009658118816414102 0.00962018996524818
0.009658118816414102 0.00962018996524818
0.009658118816414102 0.00962018996524818
0.009658118816414102 0.00962018996524818
0.009658118816414102 0.00962018996524818
0.009658118816414102 0.00962018996524818
0.009658118816414102 0.00962018996524818
0.009658118816414102 0.00962018996524818
0.009658118816414102 0.00962018996524818
0.009658118816414102 0.00962018996524818
0.009658118816414102 0.00962018996524818
0.009658118816414102 0.00962018996524818
0.009658118816414102 0.00962018996524818
0.009658118816414102 0.00962018996524818
0.009658118816414102 0.00962018996524818
0.009658118816414102 0.00962018996524818
0.009658118816414102 0.00962018996524818
0.009658118816414102 0.00962018996524818
0.009658118816414102 0.00962018996524818
0.009658118816414102 0.00962018996524818
0.009658118816414102 0.00962018996524818
0.009658118816414102 0.00962018996524818
0.009658118816414102 0.00962018996524818
0.009658118816414102 0.00962018996524818
0.009658118816414102 0.00962018996524818
0.009658118816414102 0.00962018996524818
0.009658118816414102 0.00962018996524818
0.009658118816414102 0.00962018996524818
0.009658118816414102 0.00962018996524818
0.009658118816414102 0.009620424864547618
0.009658118816414102 0.009620424864547618
0.009658118816414102 0.009622794476161618
0.009658118816414102 0.009622794476161618
0.009658118816414102 0.009622794476161618
0.009658118816414102 0.009622794476161618
0.009658118816414102 0.009622794476161618
0.009658118816414102 0.009622794476161618
0.009658118816414102 0.009622794476161618
0.009658118816414102 0.009622794476161618
0.009658118816414102 0.009622794476161618
0.009658118816414102 0.009624949630590067
Final fitness: 0.009658118816414102
[0.2998164813929921, 0.18783413860928272, 0.5013322848000858, 0.1946767862690434, 0.020759625898219197, 0.2915248374020195, 0.2698249608936186, 0.47708706278999824, 0.3183709467354612, 0.2, 0.04262849968876609, 0.46147058826370435, 0.3089052410269625, 0.4064744239801983, 0.042399147119976666, 0.21025031580786974, 0.4952878135611501, 0.38885620064767706, 0.3965449683185721, 0.005458144141096827, 0.10490031583893075, 0.40276526475988517, 0.0026437884821184296, 0.31606488250314657, 0.3149539504558308, 0.4908801457984631, 0.39933952320161825, 0.01297180117709007, 0.46028155205924615, 0.04552533941030801, 0.1, 0.5379383407918537, 0.1, 0.29411025497284315, 0.0912858282168241, 0.21445843052934674, 0.003909475457714792, 0.3873205061051112, 0.3975733386179822, 0.014342417918678435, 0.20000085712952795, 0.1, 0.4433209024769841, 0.5007842746592088, 0.4, 0.10016234310788594, 0.5, 0.39461603934904554, 7.614125180320855e-05, 0.00671307887534206, 0.20132549595862903, 0.30001041619014795, 0.20247319047363285, 0.20223438427221793, 0.2, 0.20916603542979795, 0.02293679370025309, 0.49997949496560223, 0.30696912960141687, 0.0020270806096742977, 0.3984621769956237, 0.09989038921883696, 0.09778765704760527, 0.29670436353807694, 0.2999070963362708, 0.09877624391300319, 0.30095372754687266, 0.10141543624718877, 0.3116020941303944, 0.4049717395379092, 0.0, 0.44905350864877547, 0.5, 0.19225589219675843, 0.19978987375640908, 0.4108622551985919, 0.3987418444723255, 0.2, 0.01694104208826966, 0.5182284544968708, 0.19645652070258146, 0.3, 0.19912908348250943, 0.35961521885861214, 0.011322194436603095, 0.2, 0.19227405901191202, 0.11427148534930803, 0.294913945671273, 0.21858498319974584, 0.0102500649381628, 0.0, 0.052800117954562936, 0.3976183796176888, 0.3, 0.0, 0.1, 0.39843918071004847, 0.4999410312404329, 0.08406711208378065, 0.47252005502387595, 0.30152549824032393, 0.5421397056519546, 0.07306328322230354, 0.0, 0.4101289969081429, 0.200271464804095, 0.4, 0.30219086510217064, 0.3000679157630398, 0.000321937254824131, 0.39724374658031175, 0.4, 0.5, 0.08233447640689082, 0.4895939098948011, 0.22614707719065685, 0.49850687380247116, 0.5395636676844457, 0.3017553209245614, 0.3001187112114352, 0.3248045037366206, 0.09378233187279728, 0.39639614641033216, 0.10539720374197775, 0.20862539813054298, 0.38673652523836277, 0.5166008342515421, 0.0, 0.21295490544821305, 0.2984255642734316, 0.0, 0.08384606669016828, 0.18486524867633805, 0.3171418651173828, 0.09652257756211417, 0.09798282198990274, 0.2968260191336286, 0.501839685817427, 0.004479731255464775, 0.5002644949206829, 0.018280845630898795, 0.21715828968300388, 0.4310156411970891, 0.4096182523137257, 0.38147419118383885, 0.006030042535767582, 0.3908558343454741, 0.2, 0.29579805452945634, 0.054600971027117313, 0.04095305567897323, 0.4945680821577032, 0.3862526577820401, 0.20202964316418012, 0.2000202816387597, 0.01818567379606778, 0.3, 0.29346623389127313, 0.20841145272099973, 0.391993304557535, 0.3, 0.36214252921126366, 0.4002905607236422, 0.4667100106361227, 0.1, 0.3957650370726461, 0.30429026989945296, 0.2122809334150137, 0.40156731201303847, 0.00208563503720334, 0.4030047740887541, 0.1, 0.2, 0.2, 0.04486444072782278, 0.39885167903447544, 0.48800308078588295, 0.3, 0.49737594416173336, 0.3009285720667795, 0.0, 0.2447880994401652, 0.5364235501066156, 0.1, 0.11426579909272515, 0.22828741356510945, 0.003996609775354931, 0.4, 0.09963033550985728, 0.3, 0.11669364386662012, 0.09746131995365115, 0.13041589330780834, 0.020049155058879935, 0.16663017395498736, 0.006328289937767961, 0.289719531714401, 0.3932470440458595, 0.3807105588181061]
