1 6.0 [4, 6, 8]
2 16.0 [1, 4, 7]
3 17.0 [1, 5, 7]
4 2.0 [8, 9]
5 6.0 [2, 8, 9]
6 13.0 [1, 3]
7 17.0 [5, 7, 10]
8 9.0 [1, 3, 5]
9 10.0 [5, 8]
10 10.0 [4, 5]
(5, 7)
(8, 9)
(1, 2)
(4, 5)
(6, 10)
(8, 10)
(1, 4)
(3, 7)
1 10067.0 [7, 1, 2]
2 10052.0 [1, 2, 8]
3 9901.0 [2, 3, 9]
4 9851.0 [6, 5, 7]
5 9994.0 [5, 9, 3]
6 10057.0 [3, 5, 1]
7 10043.0 [5, 3, 8]
8 10031.0 [8, 6, 10]
9 10003.0 [8, 6, 4]
10 9763.0 [8, 10, 7]
11 10190.0 [9, 2, 3]
12 9873.0 [8, 2, 5]
13 9955.0 [10, 6, 2]
14 10033.0 [5, 9, 6]
15 9984.0 [9, 6, 3]
16 9933.0 [2, 4, 10]
17 10078.0 [3, 4, 7]
18 9885.0 [7, 1, 10]
19 9863.0 [8, 7, 10]
20 9955.0 [7, 10, 8]
0.00958000476240772 0.008704566537907103
0.009612128887011209 0.009546841922829194
0.009612128887011209 0.009557979714140189
0.009615177566674134 0.009565834399691114
0.009615177566674134 0.009575893579385614
0.009615177566674134 0.009578182013534702
0.009615177566674134 0.009578594397022421
0.009615177566674134 0.009578594397022421
0.009615177566674134 0.00957869650376565
0.009615177566674134 0.009580624359346483
0.009615177566674134 0.009584055298976385
0.009615177566674134 0.009587047049991448
0.009615177566674134 0.009588137502513
0.009615177566674134 0.009588137502513
0.009615177566674134 0.009589365703107536
0.009615177566674134 0.00958971014627962
0.009615177566674134 0.00959099685704647
0.009615177566674134 0.00959099685704647
0.009615177566674134 0.009593395784463544
0.009615177566674134 0.009594137776776618
0.009615177566674134 0.009594137776776618
0.009615177566674134 0.009594137776776618
0.009615177566674134 0.009594137776776618
0.009627018672799062 0.009596825743591678
0.009627018672799062 0.009596995626840042
0.009627018672799062 0.009596995626840042
0.009627018672799062 0.009597102411935666
0.009627018672799062 0.009597102411935666
0.009627018672799062 0.009597177533691211
0.009627018672799062 0.009597474670330149
0.009627018672799062 0.009597474670330149
0.009627018672799062 0.009597474670330149
0.009627018672799062 0.009597474670330149
0.009627018672799062 0.009597474670330149
0.009627018672799062 0.009597474670330149
0.009627018672799062 0.009597670841431268
0.009627018672799062 0.009599207295830909
0.009627018672799062 0.009599207295830909
0.009627018672799062 0.009599207295830909
0.009627018672799062 0.009599207295830909
0.009627018672799062 0.009600176109875427
0.009627018672799062 0.00960129917987323
0.009627018672799062 0.009601582198701579
0.009627018672799062 0.009601582198701579
0.009627018672799062 0.009601582198701579
0.009627018672799062 0.009601582198701579
0.009627018672799062 0.009601582198701579
0.009627018672799062 0.009601582198701579
0.009627018672799062 0.009601582198701579
0.009627018672799062 0.009601582198701579
0.009627018672799062 0.009601582198701579
0.009627018672799062 0.009601582198701579
0.009627018672799062 0.009601582198701579
0.009627018672799062 0.009602527173048351
0.009627018672799062 0.009602541195485563
0.009627018672799062 0.009602541195485563
0.009627018672799062 0.009602541195485563
0.009627018672799062 0.009602541195485563
0.009627018672799062 0.009602541195485563
0.009627018672799062 0.009603516730142094
0.009627018672799062 0.009603516730142094
0.009627018672799062 0.009603516730142094
0.009627018672799062 0.009603516730142094
0.009627018672799062 0.009603708032018547
0.009627018672799062 0.009603708032018547
0.009627018672799062 0.009603708032018547
0.009627018672799062 0.009603708032018547
0.009627018672799062 0.009603708032018547
0.009627018672799062 0.009603708032018547
0.009627018672799062 0.009603708032018547
0.009627018672799062 0.009603708032018547
0.009627018672799062 0.009604151499357906
0.009627018672799062 0.009604151499357906
0.009627018672799062 0.009604151499357906
0.009627018672799062 0.009604151499357906
0.009627018672799062 0.009604151499357906
0.009627018672799062 0.009604151499357906
0.009627018672799062 0.009604151499357906
0.009627018672799062 0.009604151499357906
0.009627018672799062 0.009604151499357906
0.009627018672799062 0.009604151499357906
0.009627018672799062 0.009604151499357906
0.009627018672799062 0.009604151499357906
0.009627018672799062 0.009604151499357906
0.009627018672799062 0.009604977079847388
0.009627018672799062 0.009604977079847388
0.009627018672799062 0.009604977079847388
0.009627018672799062 0.009605158926505337
0.009627018672799062 0.009606584323818536
0.009627018672799062 0.009607260860525229
0.009627018672799062 0.00960886917375631
0.009627018672799062 0.009609020141428256
0.009627018672799062 0.009609020141428256
0.009627018672799062 0.009609020141428256
0.009627018672799062 0.009609020141428256
0.009627018672799062 0.009609020141428256
0.009627018672799062 0.009609020141428256
0.009627018672799062 0.009609020141428256
0.009627018672799062 0.009609020141428256
0.009627018672799062 0.009609020141428256
0.009627018672799062 0.009609020141428256
0.009627018672799062 0.009609020141428256
0.009627018672799062 0.009609020141428256
0.009627018672799062 0.009609020141428256
0.009627018672799062 0.009609020141428256
0.009627018672799062 0.009609020141428256
0.009627018672799062 0.009609258680224862
0.009627018672799062 0.009609258680224862
0.009627018672799062 0.009609258680224862
0.009627018672799062 0.009609258680224862
0.009627018672799062 0.009609258680224862
0.009627018672799062 0.009609258680224862
0.009627018672799062 0.009609258680224862
0.009627018672799062 0.009609258680224862
0.009627018672799062 0.009609258680224862
0.009627018672799062 0.009609258680224862
0.009627018672799062 0.009609258680224862
0.009627018672799062 0.009609258680224862
0.009627018672799062 0.009609258680224862
0.009627018672799062 0.009609258680224862
0.009627018672799062 0.009609258680224862
0.009627018672799062 0.009609258680224862
0.009627018672799062 0.009609258680224862
0.009627018672799062 0.009609258680224862
0.009627018672799062 0.009609258680224862
0.009627018672799062 0.009609258680224862
0.009627018672799062 0.009609258680224862
0.009627018672799062 0.009609258680224862
0.009627018672799062 0.009609258680224862
0.009627018672799062 0.009609258680224862
0.009627018672799062 0.009609258680224862
0.009627018672799062 0.009609258680224862
0.009627018672799062 0.009609258680224862
0.009627018672799062 0.009609258680224862
0.009627018672799062 0.009609258680224862
0.009627018672799062 0.009609258680224862
0.009627018672799062 0.009609258680224862
0.009627018672799062 0.009609258680224862
0.009627018672799062 0.009609258680224862
0.009627018672799062 0.009609258680224862
0.009627018672799062 0.009609258680224862
0.009627018672799062 0.009609541999634751
0.009627018672799062 0.009609541999634751
0.009627018672799062 0.009609541999634751
0.009627018672799062 0.009609541999634751
0.009627018672799062 0.009609541999634751
0.009627018672799062 0.009609541999634751
0.009627018672799062 0.009609541999634751
0.009627018672799062 0.009609541999634751
0.009627018672799062 0.009609541999634751
0.009627018672799062 0.009609541999634751
0.009627018672799062 0.009610042194665741
0.009627018672799062 0.009610042194665741
0.009627018672799062 0.009610042194665741
0.009627018672799062 0.009610042194665741
0.009627018672799062 0.009611694262896892
0.009627018672799062 0.009611694262896892
0.009627018672799062 0.009611694262896892
0.009627018672799062 0.009611694262896892
0.009627018672799062 0.009611694262896892
0.009627018672799062 0.009611694262896892
0.009627018672799062 0.009611694262896892
0.009627018672799062 0.009611694262896892
0.009627018672799062 0.009611694262896892
0.009627018672799062 0.009611750524108027
0.009627018672799062 0.009611750524108027
0.009627018672799062 0.009611750524108027
0.009627018672799062 0.009611750524108027
0.009627018672799062 0.009611750524108027
0.009627018672799062 0.009612079125368668
0.009627018672799062 0.009612079125368668
0.009627018672799062 0.009615177566674134
0.009627018672799062 0.009615177566674134
0.009630690884024474 0.00961928343670466
0.009630690884024474 0.00961928343670466
0.009630690884024474 0.00961928343670466
0.009630690884024474 0.00961928343670466
0.009630690884024474 0.00961928343670466
0.009630690884024474 0.00961928343670466
0.009630690884024474 0.00961928343670466
0.009630690884024474 0.00961928343670466
0.009630690884024474 0.00961928343670466
0.009630690884024474 0.00961928343670466
0.009630690884024474 0.00961928343670466
0.009630690884024474 0.00961928343670466
0.009630690884024474 0.00961928343670466
0.009630690884024474 0.00961928343670466
0.009630690884024474 0.00961928343670466
0.009630690884024474 0.00961928343670466
0.009630690884024474 0.00961928343670466
0.009630690884024474 0.00961928343670466
0.009630690884024474 0.00961928343670466
0.009630690884024474 0.00961928343670466
0.009630690884024474 0.00961928343670466
0.009630690884024474 0.00961928343670466
0.009630690884024474 0.00961928343670466
0.009630690884024474 0.00961928343670466
0.009630690884024474 0.00961928343670466
0.009630690884024474 0.00961928343670466
0.009630690884024474 0.00961928343670466
0.009630690884024474 0.00961928343670466
0.009630690884024474 0.00961928343670466
0.009630690884024474 0.00961928343670466
0.009630690884024474 0.00961928343670466
0.009630690884024474 0.00961928343670466
0.009630690884024474 0.00961928343670466
0.009630690884024474 0.00961928343670466
0.009630690884024474 0.00961928343670466
0.009630690884024474 0.00961928343670466
0.009630690884024474 0.00961928343670466
0.009630690884024474 0.00961928343670466
0.009630690884024474 0.00961928343670466
0.009630690884024474 0.00961928343670466
0.009630690884024474 0.00961928343670466
0.009630690884024474 0.00961928343670466
0.009630690884024474 0.00961928343670466
0.009630690884024474 0.00961928343670466
0.009630690884024474 0.00961928343670466
0.009630690884024474 0.00961928343670466
0.009630690884024474 0.00961928343670466
0.009630690884024474 0.00961928343670466
0.009630690884024474 0.00961928343670466
0.009631556540614625 0.009619488504101808
0.009631556540614625 0.009619488504101808
0.009631556540614625 0.009619488504101808
0.009631556540614625 0.009619488504101808
0.009631556540614625 0.009619488504101808
0.009636421403164699 0.009623135282603706
0.009651175635669727 0.009623135282603706
0.009651175635669727 0.009623135282603706
0.009651175635669727 0.009623135282603706
0.009651175635669727 0.009623135282603706
0.009651175635669727 0.009623135282603706
0.009651175635669727 0.009623135282603706
0.009651175635669727 0.009623135282603706
0.009651175635669727 0.009623135282603706
0.009651175635669727 0.009623135282603706
0.009651175635669727 0.009623135282603706
0.009651175635669727 0.009623135282603706
0.009651175635669727 0.009623135282603706
0.009651175635669727 0.009623135282603706
0.009651175635669727 0.009623135282603706
0.009651175635669727 0.009623135282603706
0.009651175635669727 0.009623135282603706
0.009651175635669727 0.009623135282603706
0.009651175635669727 0.009623135282603706
0.009651175635669727 0.009623135282603706
0.009651175635669727 0.009623135282603706
0.009651175635669727 0.009623135282603706
0.009651175635669727 0.009623135282603706
0.009651175635669727 0.009623135282603706
0.009651175635669727 0.009623135282603706
0.009651175635669727 0.009623135282603706
0.009651175635669727 0.009623135282603706
0.009651175635669727 0.009623135282603706
0.009651175635669727 0.009623135282603706
0.009651175635669727 0.009623135282603706
0.009651175635669727 0.009623135282603706
0.009651175635669727 0.009623135282603706
0.009651175635669727 0.009623135282603706
0.009651175635669727 0.009623135282603706
0.009651175635669727 0.009623135282603706
0.009651175635669727 0.009623135282603706
0.009651175635669727 0.009623135282603706
0.009651175635669727 0.009623135282603706
0.009651175635669727 0.009623135282603706
0.009651175635669727 0.009623135282603706
0.009651175635669727 0.009623135282603706
0.009651175635669727 0.009623135282603706
0.009651175635669727 0.009623135282603706
0.009651175635669727 0.009623135282603706
0.009651175635669727 0.009623135282603706
0.009651175635669727 0.009623135282603706
0.009651175635669727 0.009623135282603706
0.009651175635669727 0.009623135282603706
0.009651175635669727 0.009623135282603706
0.009651175635669727 0.009623135282603706
0.009651175635669727 0.009623135282603706
0.009651175635669727 0.009623135282603706
0.009651175635669727 0.009624091290076095
0.009651175635669727 0.009624091290076095
0.009651175635669727 0.009624091290076095
0.009651175635669727 0.009624091290076095
0.009651175635669727 0.009624091290076095
0.009651175635669727 0.009624091290076095
0.009651175635669727 0.009624091290076095
0.009651175635669727 0.009624091290076095
0.009651175635669727 0.009624091290076095
0.009651175635669727 0.009624091290076095
0.009651175635669727 0.009624091290076095
0.009651175635669727 0.009624091290076095
0.009651175635669727 0.009624091290076095
0.009651175635669727 0.009624091290076095
0.009651175635669727 0.009624091290076095
0.009651175635669727 0.009624091290076095
0.009651175635669727 0.009624091290076095
0.009651175635669727 0.009624091290076095
0.009651175635669727 0.009624091290076095
0.009651175635669727 0.009624091290076095
0.009651175635669727 0.009624091290076095
0.009651175635669727 0.009624091290076095
0.009651175635669727 0.009624091290076095
0.009651175635669727 0.009624091290076095
0.009651175635669727 0.009624091290076095
0.009651175635669727 0.009624091290076095
0.009651175635669727 0.009624091290076095
0.009651175635669727 0.009624091290076095
0.009651175635669727 0.009624709426210477
0.009651175635669727 0.009624709426210477
0.009651175635669727 0.009624709426210477
0.009651175635669727 0.009624709426210477
0.009651175635669727 0.009624709426210477
0.009651175635669727 0.009624709426210477
0.009651175635669727 0.009624709426210477
0.009651175635669727 0.009624709426210477
0.009651175635669727 0.009624709426210477
0.009651175635669727 0.009624709426210477
0.009651175635669727 0.009624709426210477
0.009651175635669727 0.009624709426210477
0.009651175635669727 0.009624709426210477
Final fitness: 0.009651175635669727
[0.4926348372380978, 0.5127123641034953, 0.1719187931225093, 0.11415424705886329, 0.3477692429574892, 0.49810091848544535, 0.48888118165793626, 0.1997362840449602, 0.5300807485250401, 0.39927382428422453, 0.3977995821960916, 0.3, 0.3986186066946959, 0.20402092086694879, 0.041911824635505385, 0.3788648432383892, 0.013329598174492835, 0.021775030844519566, 0.3, 0.4000395092716213, 0.20320361567374917, 0.0016408694058507312, 1.8295480320506012e-05, 0.20040171956942365, 0.3900396767937605, 0.5337497179736099, 0.3617738762808028, 0.0775614038101694, 0.1062927264407724, 0.18536686718823292, 0.11145864576326095, 0.5020123072407072, 0.1, 0.00613417522024437, 0.3213799257609919, 0.5281911004420828, 0.19345753928362347, 0.3680452574286618, 0.31860024331218995, 0.19878478383272122, 0.10414333187166933, 0.3, 0.09665086772970788, 0.02445948877183063, 0.0050351504733287256, 0.027215524124545185, 0.09790826582481565, 0.3950921125158129, 0.05654053379527832, 0.11604800541413207, 0.18656143077594406, 0.29962614702880047, 0.19655158126578573, 0.0976382316621751, 0.3989587775585272, 0.5, 0.1941270687130527, 0.002291255505803884, 0.11024433124814184, 0.3860175074672623, 0.10187072971571973, 0.1126528630734926, 0.13811674391089232, 0.5377384192820162, 0.09831510892613698, 0.3941473078749716, 0.27806052910147994, 0.039919231312183556, 0.013755652235056343, 0.006574735503871473, 0.4496787244682019, 0.02314537228027444, 0.09098416649587895, 0.0002931117210644152, 0.4066483241747231, 0.006832351278134113, 0.2983162782207054, 0.016197386880759806, 0.20501167012908428, 0.02175171361900266, 0.3922435316998067, 0.434323630115073, 0.0027609641854926537, 0.5038729123191533, 0.44008024580696714, 0.21454242550349206, 0.23140348739810576, 0.4020385254077174, 0.003989414434762861, 0.2825750887175623, 0.2122195749554654, 0.4041326893411089, 0.2, 0.49290399084310077, 0.11624391529775807, 0.38286245288231263, 0.10038980964404495, 0.002744178731905335, 0.2042143160272503, 0.3973497817949449, 0.2833475863348168, 0.42296593576170194, 0.15839924791114116, 0.5244752391257665, 0.01603213274733556, 0.3981807040347321, 0.3113355975498245, 0.09219332579922987, 0.5, 0.20214501171259697, 0.14340086775979122, 0.2939767492487174, 0.2212925938292975, 0.10218520260596939, 0.4999230791276163, 0.3731950368922947, 0.37687568004837313, 0.20340353317388699, 0.1325174339156689, 0.5, 0.21072140595022787, 0.19508020865323317, 0.16609652820022558, 0.0, 0.0, 0.0964127986887837, 0.41526509709335935, 0.293261548614823, 0.0016284172603838326, 0.09990976874670271, 0.0, 0.0012895682736851766, 0.2, 0.31461883057497114, 0.5210765889513919, 0.0362225245559796, 0.3967323333889787, 0.29995350464746284, 0.2645230130612377, 0.41762723350243336, 0.06288718923656902, 0.49042585996191, 0.26663715274932515, 0.19503833882655228, 0.3889935060712928, 0.5810454943573666, 0.20278328817651678, 0.20036634074325552, 0.20286487477353257, 0.2009616142812491, 0.0024298295608397857, 0.09357630829831329, 0.025724247976336545, 0.3181360590637345, 0.0, 0.48599652255287595, 0.2, 0.011870839318569082, 0.40029951696396116, 0.40891540908748497, 0.5016993823694623, 0.32694155111234824, 0.09911122130866877, 0.5087768287185827, 0.09644438742462377, 0.4050564515056017, 0.4, 0.09978367407124461, 0.06448661682884867, 0.4162531190335204, 0.39678795834565966, 0.0297442768575477, 0.09681165905700406, 0.5006138198204023, 0.0018743740129264289, 0.31157052593964335, 0.4880771453822914, 0.17625026684657663, 0.07984363939227027, 0.40141000928359327, 0.3021294565737121, 0.10389654576586635, 0.42301759421780233, 0.3938678122742556, 0.11202360733819904, 0.29758424004932993, 0.40644212972296956, 0.0025669691385080545, 0.3078659884383489, 0.01895448043643856, 0.29482110490606783, 0.1, 0.5009110082827014, 0.19977170817843398, 0.11316840236190105, 0.3940946147487255, 0.3134847866255012, 0.524055395296304, 0.4, 0.10144305174612267]
