1 6.0 [4, 6, 8]
2 16.0 [1, 4, 7]
3 17.0 [1, 5, 7]
4 2.0 [8, 9]
5 6.0 [2, 8, 9]
6 13.0 [1, 3]
7 17.0 [5, 7, 10]
8 9.0 [1, 3, 5]
9 10.0 [5, 8]
10 10.0 [4, 5]
(5, 7)
(8, 9)
(1, 2)
(4, 5)
(6, 10)
(8, 10)
(1, 4)
(3, 7)
1 10067.0 [7, 1, 2]
2 10052.0 [1, 2, 8]
3 9901.0 [2, 3, 9]
4 9851.0 [6, 5, 7]
5 9994.0 [5, 9, 3]
6 10057.0 [3, 5, 1]
7 10043.0 [5, 3, 8]
8 10031.0 [8, 6, 10]
9 10003.0 [8, 6, 4]
10 9763.0 [8, 10, 7]
11 10190.0 [9, 2, 3]
12 9873.0 [8, 2, 5]
13 9955.0 [10, 6, 2]
14 10033.0 [5, 9, 6]
15 9984.0 [9, 6, 3]
16 9933.0 [2, 4, 10]
17 10078.0 [3, 4, 7]
18 9885.0 [7, 1, 10]
19 9863.0 [8, 7, 10]
20 9955.0 [7, 10, 8]
0.00960135656475374 0.00949388926211647
0.009631815014588364 0.00956589208257906
0.009631815014588364 0.009573513923484765
0.009631815014588364 0.009580229501436258
0.009631815014588364 0.009580229501436258
0.009631815014588364 0.009582748757139584
0.009631815014588364 0.009585819456636216
0.009631815014588364 0.009585819456636216
0.009631815014588364 0.009585819456636216
0.009631815014588364 0.009585899295220536
0.009631815014588364 0.009588645170032783
0.009631815014588364 0.009589760399786894
0.009631815014588364 0.009591737275082729
0.009631815014588364 0.009591737275082729
0.009631815014588364 0.00959225686680477
0.009631815014588364 0.009596870470469011
0.009631815014588364 0.009596870470469011
0.009631815014588364 0.009596870470469011
0.009631815014588364 0.0095979629451637
0.009631815014588364 0.009598021485365357
0.009631815014588364 0.009598852315868505
0.009631815014588364 0.009599392658050288
0.009631815014588364 0.009600786295750197
0.009631815014588364 0.00960104467076053
0.009631815014588364 0.00960135656475374
0.009631815014588364 0.009605009808868654
0.009631815014588364 0.009605009808868654
0.009631815014588364 0.009605009808868654
0.009631815014588364 0.009605009808868654
0.009631815014588364 0.009605009808868654
0.009631815014588364 0.009605009808868654
0.009631815014588364 0.009605009808868654
0.009631815014588364 0.009605009808868654
0.009631815014588364 0.009605009808868654
0.009631815014588364 0.009605009808868654
0.009631815014588364 0.009605009808868654
0.009631815014588364 0.009605009808868654
0.009631815014588364 0.009605009808868654
0.009631815014588364 0.009605009808868654
0.009631815014588364 0.009605009808868654
0.009631815014588364 0.009605009808868654
0.009631815014588364 0.009605009808868654
0.009631815014588364 0.009605009808868654
0.009631815014588364 0.009605009808868654
0.009631815014588364 0.009605009808868654
0.009631815014588364 0.009606083944234305
0.009631815014588364 0.009606083944234305
0.009631815014588364 0.009606083944234305
0.009631815014588364 0.009606083944234305
0.009631815014588364 0.009606083944234305
0.009631815014588364 0.009606083944234305
0.009644032123685925 0.009607452568948264
0.009644032123685925 0.009607801912678916
0.009644032123685925 0.009607801912678916
0.009644032123685925 0.009608384713350659
0.009644032123685925 0.009608384713350659
0.009644032123685925 0.009608384713350659
0.009644032123685925 0.009608384713350659
0.009644032123685925 0.009608384713350659
0.009644032123685925 0.009608384713350659
0.009644032123685925 0.009608384713350659
0.009644032123685925 0.009608384713350659
0.009644032123685925 0.009608384713350659
0.009644032123685925 0.009608384713350659
0.009644032123685925 0.009608384713350659
0.009644032123685925 0.009608384713350659
0.009644032123685925 0.009608384713350659
0.009644032123685925 0.009608384713350659
0.009644032123685925 0.009608384713350659
0.009644032123685925 0.009608384713350659
0.009644032123685925 0.009608384713350659
0.009644032123685925 0.009608384713350659
0.009644032123685925 0.009608384713350659
0.009644032123685925 0.009608384713350659
0.009644032123685925 0.009608384713350659
0.009644032123685925 0.009610592657091554
0.009644032123685925 0.009610592657091554
0.009644032123685925 0.009610592657091554
0.009644032123685925 0.009610592657091554
0.009644032123685925 0.009610592657091554
0.009644032123685925 0.009610592657091554
0.009644032123685925 0.009610592657091554
0.009644032123685925 0.009610592657091554
0.009644032123685925 0.009610592657091554
0.009644032123685925 0.009610609139680934
0.009644032123685925 0.009610642340412569
0.009644032123685925 0.009610642340412569
0.009644032123685925 0.009611000411835716
0.009644032123685925 0.009611000411835716
0.009644032123685925 0.009611000411835716
0.009644032123685925 0.009611097859084
0.009644032123685925 0.009611976223967963
0.009644032123685925 0.009612513828268934
0.009644032123685925 0.009612520651382218
0.009644032123685925 0.00961277785932715
0.009644032123685925 0.00961277785932715
0.009644032123685925 0.00961277785932715
0.009644032123685925 0.00961277785932715
0.009644032123685925 0.00961277785932715
0.009644032123685925 0.009617666261315069
0.009644032123685925 0.009620466071237467
0.009644032123685925 0.009620466071237467
0.009644032123685925 0.009620466071237467
0.009644032123685925 0.009620466071237467
0.009644032123685925 0.009620466071237467
0.009644032123685925 0.009620466071237467
0.009644032123685925 0.009620466071237467
0.009644032123685925 0.009620466071237467
0.009644032123685925 0.009620466071237467
0.009644032123685925 0.009620466071237467
0.009644032123685925 0.009620466071237467
0.009644032123685925 0.009620466071237467
0.009644032123685925 0.009620466071237467
0.009644032123685925 0.009620466071237467
0.009644032123685925 0.009620466071237467
0.009644032123685925 0.009620466071237467
0.009644032123685925 0.009620466071237467
0.009644032123685925 0.009620466071237467
0.009644032123685925 0.009620466071237467
0.009644032123685925 0.009620466071237467
0.009644032123685925 0.009620466071237467
0.009644032123685925 0.009620466071237467
0.009644032123685925 0.009620466071237467
0.009644032123685925 0.009621018740125706
0.009644032123685925 0.009621018740125706
0.009644032123685925 0.009621018740125706
0.009644032123685925 0.009621018740125706
0.009644032123685925 0.009621018740125706
0.009644032123685925 0.009621018740125706
0.009644032123685925 0.009621018740125706
0.009644032123685925 0.009621018740125706
0.009644032123685925 0.009621018740125706
0.009644032123685925 0.009621018740125706
0.009644032123685925 0.009621018740125706
0.009644032123685925 0.009621018740125706
0.009644032123685925 0.009621018740125706
0.009644032123685925 0.009621018740125706
0.009644032123685925 0.009621018740125706
0.009644032123685925 0.009621018740125706
0.009644032123685925 0.009621018740125706
0.009644032123685925 0.009621018740125706
0.009644032123685925 0.009621018740125706
0.009644032123685925 0.009621018740125706
0.009644032123685925 0.009621018740125706
0.009644032123685925 0.009621018740125706
0.009644032123685925 0.009621018740125706
0.009644032123685925 0.009621018740125706
0.009644032123685925 0.009621018740125706
0.009644032123685925 0.009621018740125706
0.009644032123685925 0.009621018740125706
0.009644032123685925 0.009621018740125706
0.009644032123685925 0.009621018740125706
0.009644032123685925 0.00962219251237545
0.009644032123685925 0.00962219251237545
0.009644032123685925 0.00962219251237545
0.009644032123685925 0.009622346312581818
0.009644032123685925 0.009624545152661007
0.009644032123685925 0.009624545152661007
0.009644032123685925 0.009624545152661007
0.009644032123685925 0.009624545152661007
0.009644032123685925 0.009624545152661007
0.009644032123685925 0.009624545152661007
0.009644032123685925 0.009624545152661007
0.009644032123685925 0.009624545152661007
0.009644032123685925 0.009624545152661007
0.009644032123685925 0.009624545152661007
0.009644032123685925 0.009624545152661007
0.009644032123685925 0.009624545152661007
0.009644032123685925 0.009624545152661007
0.009644032123685925 0.009624545152661007
0.009644032123685925 0.009624545152661007
0.009644032123685925 0.009624545152661007
0.009644032123685925 0.009624545152661007
0.009644032123685925 0.009624545152661007
0.009644032123685925 0.009624545152661007
0.009644032123685925 0.009624545152661007
0.009644032123685925 0.009624545152661007
0.009644032123685925 0.009624545152661007
0.009644032123685925 0.009624545152661007
0.009644032123685925 0.009624778793999603
0.009644032123685925 0.009624778793999603
0.009644032123685925 0.009624778793999603
0.009644032123685925 0.009624778793999603
0.009644032123685925 0.009624778793999603
0.009644032123685925 0.009624778793999603
0.009644032123685925 0.009624778793999603
0.009644032123685925 0.009624778793999603
0.009644032123685925 0.009624778793999603
0.009644032123685925 0.009624778793999603
0.009644032123685925 0.009624778793999603
0.009644032123685925 0.009624778793999603
0.009644032123685925 0.009624778793999603
0.009644032123685925 0.009624778793999603
0.009644032123685925 0.009624778793999603
0.009644032123685925 0.009624778793999603
0.009644032123685925 0.009624778793999603
0.009644032123685925 0.009626096590605296
0.009644032123685925 0.009626096590605296
0.009644032123685925 0.009626096590605296
0.009644032123685925 0.009626096590605296
0.009644032123685925 0.009626096590605296
0.009644032123685925 0.009626096590605296
0.009644032123685925 0.009626096590605296
0.009644032123685925 0.009626096590605296
0.009644032123685925 0.009626096590605296
0.009644032123685925 0.009626096590605296
0.009644032123685925 0.009626096590605296
0.009644032123685925 0.009626096590605296
0.009644032123685925 0.009626096590605296
0.009644032123685925 0.009626096590605296
0.009644032123685925 0.009626096590605296
0.009644032123685925 0.009626096590605296
0.009644032123685925 0.009626096590605296
0.009644032123685925 0.009626096590605296
0.009644032123685925 0.009626096590605296
0.009644032123685925 0.009626096590605296
0.009644032123685925 0.009626096590605296
0.009644032123685925 0.009626096590605296
0.009644032123685925 0.009626096590605296
0.009644032123685925 0.009626096590605296
0.009644032123685925 0.009626096590605296
0.009644032123685925 0.009626096590605296
0.009644032123685925 0.009626096590605296
0.009644032123685925 0.009626096590605296
0.009644032123685925 0.009626096590605296
0.009644032123685925 0.009626096590605296
0.009644032123685925 0.009626096590605296
0.009644032123685925 0.009626096590605296
0.009644032123685925 0.009626096590605296
0.009644032123685925 0.009626096590605296
0.009644032123685925 0.009626096590605296
0.009644032123685925 0.009626096590605296
0.009644032123685925 0.009626096590605296
0.009644032123685925 0.009626096590605296
0.009644032123685925 0.009626096590605296
0.009644032123685925 0.009626096590605296
0.009644032123685925 0.009626096590605296
0.009644032123685925 0.009626096590605296
0.009644032123685925 0.009626096590605296
0.009644032123685925 0.009626096590605296
0.009644032123685925 0.009626096590605296
0.009644032123685925 0.009626096590605296
0.009644032123685925 0.009626096590605296
0.009644032123685925 0.009626096590605296
0.009644032123685925 0.009626096590605296
0.009644032123685925 0.009626096590605296
0.009644032123685925 0.009626096590605296
0.009644032123685925 0.009626096590605296
0.009644032123685925 0.009626096590605296
0.009644032123685925 0.009626096590605296
0.009644032123685925 0.009626096590605296
0.009644032123685925 0.009626096590605296
0.009644032123685925 0.009626096590605296
0.009644032123685925 0.009626096590605296
0.009644032123685925 0.009626096590605296
0.009644032123685925 0.009626096590605296
0.009644032123685925 0.009626096590605296
0.009644032123685925 0.009626096590605296
0.009644032123685925 0.009626096590605296
0.009644032123685925 0.009626096590605296
0.009644032123685925 0.009626096590605296
0.009644032123685925 0.009626096590605296
0.009644032123685925 0.009626096590605296
0.009644032123685925 0.009626096590605296
0.009644032123685925 0.009626096590605296
0.009644032123685925 0.009626096590605296
0.009644032123685925 0.009626096590605296
0.009644032123685925 0.009626096590605296
0.009644032123685925 0.009626096590605296
0.009644032123685925 0.009626096590605296
0.009644032123685925 0.009626096590605296
0.009644032123685925 0.009626096590605296
0.009644032123685925 0.009626096590605296
0.009644032123685925 0.009626096590605296
0.009644032123685925 0.009626096590605296
0.009644032123685925 0.009626096590605296
0.009644032123685925 0.009626096590605296
0.009644032123685925 0.009626096590605296
0.009644032123685925 0.009626096590605296
0.009644032123685925 0.009626096590605296
0.009644032123685925 0.009626096590605296
0.009644032123685925 0.009626096590605296
0.009644032123685925 0.009626096590605296
0.009644032123685925 0.009626096590605296
0.009644032123685925 0.009626096590605296
0.009644032123685925 0.009626096590605296
0.009644032123685925 0.009626096590605296
0.009644032123685925 0.009626096590605296
0.009644032123685925 0.009626096590605296
0.009644032123685925 0.009626096590605296
0.009644032123685925 0.009626096590605296
0.009644032123685925 0.009626096590605296
0.009644032123685925 0.009626096590605296
0.009644032123685925 0.009626096590605296
0.009644032123685925 0.009626096590605296
0.009644032123685925 0.009626096590605296
0.009644032123685925 0.009626096590605296
0.009644032123685925 0.009626096590605296
0.009644032123685925 0.009626096590605296
0.009644032123685925 0.009626096590605296
0.009644032123685925 0.009626096590605296
0.009644032123685925 0.009626096590605296
0.009644032123685925 0.009626096590605296
0.009644032123685925 0.009626096590605296
0.009644032123685925 0.009626096590605296
0.009644032123685925 0.009626096590605296
0.009644032123685925 0.009626187063559785
0.009644032123685925 0.009626187063559785
0.009644032123685925 0.009626187063559785
0.009644032123685925 0.009626187063559785
0.009644032123685925 0.009626187063559785
0.009644032123685925 0.009626187063559785
0.009644032123685925 0.009626187063559785
0.009644032123685925 0.009626187063559785
0.009644032123685925 0.009626187063559785
0.009644032123685925 0.009626187063559785
0.009644032123685925 0.009626187063559785
0.009644032123685925 0.009626187063559785
0.009644032123685925 0.009626187063559785
0.009644032123685925 0.009626187063559785
Final fitness: 0.009644032123685925
[0.195763868695642, 0.2, 0.20122526756303077, 0.1, 0.5, 0.008311395671148886, 0.1, 0.2, 0.0, 0.0, 0.1, 0.20004114983165974, 0.19485793526720116, 0.00990860715593056, 0.5505193239781957, 0.34300606086732877, 0.4, 0.3055195376072688, 0.5000523650649704, 0.2, 0.39944332485145484, 0.1, 0.5002809073772083, 0.2742755313661278, 0.07747137138320481, 0.2020113885668681, 0.5271601047745961, 0.3, 0.5229661550830339, 0.297322701521551, 0.20969308309115745, 0.3, 0.0012903668340258643, 0.012602005959011175, 0.09463815794811954, 0.09910116969368976, 0.10416596739950362, 0.36376100097514663, 0.1, 0.5, 0.2, 0.019229886836013038, 0.09912276890191238, 0.30051234538308413, 0.006089548404819789, 0.3, 0.008406923076679236, 0.2, 0.0, 0.1, 0.1566485854605083, 0.3, 0.10775730703548299, 0.08699699411363979, 0.1, 0.08255318829290284, 0.4, 0.10131989399745331, 0.40323289477822954, 0.0, 0.0, 0.48228354070075863, 0.4025637752866956, 0.2, 0.3021067105066256, 0.1, 0.39882471578626594, 0.40828738804850806, 0.38486244663058244, 0.3004490635858098, 0.4, 0.09765772525497037, 0.39361593696228037, 0.3021887491181684, 0.3001535318133843, 0.20468748168217932, 0.5008479092412177, 0.3161637878259387, 0.2953273672587082, 0.3055887189068869, 0.40012681634940095, 0.4, 0.5019495271858911, 0.4, 0.29929728651061516, 0.47435195323532997, 0.5, 0.20757110825787076, 0.415027942035823, 0.29942099293905083, 0.31602563085337354, 0.3, 0.3, 0.29882302536842725, 0.5127504464672796, 0.39964148713327713, 0.49714173984666304, 0.39607126802606435, 0.4344748498725838, 0.2, 0.4, 0.21291221804214874, 0.4147307924867898, 0.5233366027434865, 0.3125605538961178, 0.4, 0.31524281499342155, 0.4004672594843233, 0.4, 0.1, 0.2, 0.3972315456707064, 0.015884392278548293, 0.18959347297883328, 0.38710472655656347, 0.5, 0.4, 0.1, 0.40023569856172053, 0.1039627275835268, 0.3, 0.3, 0.5, 0.0, 0.5, 0.5007745524692631, 0.29372195076676605, 0.40158059267908736, 0.02130021097618158, 0.011589089412239545, 0.42479075764038965, 0.30369597161563855, 0.36902889327636695, 0.3, 0.5096790114265632, 0.3001124537470077, 0.5, 0.36096250488188203, 0.44118425222137303, 0.3, 0.0, 0.288296133100991, 0.2, 0.49288992477104643, 0.3, 0.19096520781021234, 0.29009695706206606, 0.5012625133841997, 0.0934747511657069, 0.11225914446948916, 0.49120749914765766, 0.5806035113132109, 0.19964414721917706, 0.498961266701117, 0.2, 0.4, 0.49821351371895023, 0.5, 0.1, 0.2079284807767337, 0.0, 0.0017507909573559743, 0.39938645570139997, 0.2980220778829062, 0.2, 0.29945510098919026, 0.3, 0.4, 0.4319833749384765, 0.3664257113378381, 0.4, 0.1, 0.5, 5.302652083491455e-05, 0.20639972558391512, 0.14603380694565932, 0.42200841079316925, 0.3836589768545566, 0.30515931135284924, 0.08512471554608826, 0.1145269766760445, 0.46641178348743473, 0.21290716194862774, 0.0, 0.0, 0.22262141154341591, 0.39784863766384976, 0.4, 0.5, 0.3828009096981807, 0.29853616203471656, 0.2995632916359575, 0.4, 0.3877118867114672, 0.0010267741085036863, 0.3956339331139434, 0.2, 0.48878120781561113, 0.4, 0.0]
