Task
Skills
[4, 6, 8]
[1, 4, 7]
[1, 5, 7]
[8, 9]
[2, 8, 9]
[1, 3]
[5, 7, 10]
[1, 3, 5]
[5, 8]
[4, 5]

Cost
6.0
16.0
17.0
2.0
6.0
13.0
17.0
9.0
10.0
10.0

Employee
Skills
[7, 1, 2]
[1, 2, 8]
[2, 3, 9]
[6, 5, 7]
[5, 9, 3]
[3, 5, 1]
[5, 3, 8]
[8, 6, 10]
[8, 6, 4]
[8, 10, 7]
[9, 2, 3]
[8, 2, 5]
[10, 6, 2]
[5, 9, 6]
[9, 6, 3]
[2, 4, 10]
[3, 4, 7]
[7, 1, 10]
[8, 7, 10]
[7, 10, 8]

Salary
10067.0
10052.0
9901.0
9851.0
9994.0
10057.0
10043.0
10031.0
10003.0
9763.0
10190.0
9873.0
9955.0
10033.0
9984.0
9933.0
10078.0
9885.0
9863.0
9955.0

Team
[0.9123262001663148, 0.2780352614660919, 0.6718208966503987, 1.4270184199705842, 0.6301479204599949, 0.05734667104627844, 0.30307452656253586, 1.9108379667802688, 0.1329149186794487, 0.12238775977397975, 0.9406683006175796, 0.698637686837122, 1.263730842643979, 0.780585021438263, 1.6040657299995216, 1.479132215528421, 1.1119428709976984, 1.5838702111565053, 1.8350456739276702, 0.7438427761307431]
[0.2780352614660919, 0.40777936658563374, 0.6601122021353976, 1.6814625330225539, 0.7462330848536314, 0.6499797542605661, 1.1725214337195164, 1.7664714602345242, 0.5293636164431126, 0.9909352110120491, 0.6489757460119356, 1.3288828962906207, 0.7263738696802196, 0.08070184081819742, 0.9541326977842304, 1.3538021496479524, 0.6257316716067656, 0.9491485131445485, 0.45549190276710094, 1.425145602178398]
[0.6718208966503987, 0.6601122021353976, 1.1622075744133427, 1.3942455056947662, 0.985029116707469, 1.6176319041001463, 0.8733843166594912, 0.130197865154823, 1.8503319381371426, 0.41073367934327853, 0.6167348677854265, 0.8959945698844873, 1.7468991301508683, 0.6423813662493298, 0.34012543740993517, 0.760902520684466, 0.5436557065233603, 1.5186881797405878, 1.2117252930963565, 1.2788383613073497]
[1.4270184199705842, 1.6814625330225539, 1.3942455056947662, 1.3729552267550695, 1.5098031131115761, 1.304582704937704, 1.5485977326150475, 0.7602411966890699, 0.5984122821813023, 0.2226629829271285, 0.6384387564458627, 0.43378842878352963, 0.826754336032353, 0.9040259436861318, 0.9078718500045613, 1.0585770298385204, 1.8887818171359654, 1.130240247887277, 1.0487975171780797, 1.379290817589792]
[0.6301479204599949, 0.7462330848536314, 0.985029116707469, 1.5098031131115761, 0.643004062558137, 1.9564451932496432, 0.43155065727790487, 0.42160037575383247, 0.18822697003639544, 0.36040248472478065, 0.10134926801413036, 1.48949066783836, 1.1268980765652983, 1.636673793211623, 1.4639509886196655, 0.3517487260599865, 0.8685472861128505, 0.9003839149846815, 0.3667716307103812, 1.9232677124357145]
[0.05734667104627844, 0.6499797542605661, 1.6176319041001463, 1.304582704937704, 1.9564451932496432, 0.47425392899355945, 1.5047313481549436, 0.22449846577614752, 0.9736676083724463, 0.22266049354961193, 0.49536638073269024, 0.8158538659242363, 0.9927288412763491, 1.846180449639219, 1.8019985012977273, 1.0255557496395586, 0.9240407118431713, 0.1933383329439442, 1.0891294446343713, 0.18179440415546155]
[0.30307452656253586, 1.1725214337195164, 0.8733843166594912, 1.5485977326150475, 0.43155065727790487, 1.5047313481549436, 1.6507474206079633, 0.047357123128821677, 0.38765085020595813, 0.7073841251223045, 0.6890964439003437, 1.641919734748158, 0.789543478491971, 0.6822520856242409, 1.8784524152608153, 0.7621982061670785, 0.10663333909058315, 0.6017594509788085, 1.7466182123888017, 0.594538969462644]
[1.9108379667802688, 1.7664714602345242, 0.130197865154823, 0.7602411966890699, 0.42160037575383247, 0.22449846577614752, 0.047357123128821677, 1.642181866146154, 0.25794489049871205, 0.6198777820986121, 0.7592770398116735, 0.7105300386728663, 1.5386864110307115, 1.5725701058908284, 1.2378810413856502, 1.7331444638406808, 0.04373618869458862, 1.1644161157128188, 1.0020351576541149, 1.485500245956987]
[0.1329149186794487, 0.5293636164431126, 1.8503319381371426, 0.5984122821813023, 0.18822697003639544, 0.9736676083724463, 0.38765085020595813, 0.25794489049871205, 0.6711505991115012, 1.5129825115386477, 0.44205284572294, 0.5402717190044144, 0.4801576213051848, 0.3515668509735186, 0.48717561979879753, 1.075270946759471, 0.08661605934107741, 1.4173035334499853, 0.05196405820597927, 1.085275031433634]
[0.12238775977397975, 0.9909352110120491, 0.41073367934327853, 0.2226629829271285, 0.36040248472478065, 0.22266049354961193, 0.7073841251223045, 0.6198777820986121, 1.5129825115386477, 0.38761560528540673, 1.6604948793484622, 1.1576363824612368, 1.8756722375573096, 0.5432593415554605, 1.0200086773178394, 1.7152034380602856, 0.5560644211508665, 1.995884016338117, 0.8099471215274359, 1.9432715561602873]
[0.9406683006175796, 0.6489757460119356, 0.6167348677854265, 0.6384387564458627, 0.10134926801413036, 0.49536638073269024, 0.6890964439003437, 0.7592770398116735, 0.44205284572294, 1.6604948793484622, 1.0459835015484524, 1.3082151753545455, 0.5764030098139237, 0.007681780370129454, 0.5329674377011049, 1.2292261345386295, 1.9633675689219714, 0.2480400904491329, 0.3822276064301682, 1.34561108417454]
[0.698637686837122, 1.3288828962906207, 0.8959945698844873, 0.43378842878352963, 1.48949066783836, 0.8158538659242363, 1.641919734748158, 0.7105300386728663, 0.5402717190044144, 1.1576363824612368, 1.3082151753545455, 1.8824948653019293, 1.3735388711964773, 1.7013747634963405, 1.7767077874434045, 0.4305060919125254, 1.6197697890807978, 1.125216508619317, 0.5662428955854066, 0.07431072544233652]
[1.263730842643979, 0.7263738696802196, 1.7468991301508683, 0.826754336032353, 1.1268980765652983, 0.9927288412763491, 0.789543478491971, 1.5386864110307115, 0.4801576213051848, 1.8756722375573096, 0.5764030098139237, 1.3735388711964773, 0.44085603971192966, 0.2778906934563863, 0.7936152628006516, 0.42054899376501553, 0.8433436463208752, 1.2298385131021157, 1.160874057218917, 0.9130898424686569]
[0.780585021438263, 0.08070184081819742, 0.6423813662493298, 0.9040259436861318, 1.636673793211623, 1.846180449639219, 0.6822520856242409, 1.5725701058908284, 0.3515668509735186, 0.5432593415554605, 0.007681780370129454, 1.7013747634963405, 0.2778906934563863, 1.9992360547309185, 1.1231663296994459, 1.7511447405631675, 1.9287390487919385, 1.8735399322312458, 0.3704825277668258, 1.4135943262309494]
[1.6040657299995216, 0.9541326977842304, 0.34012543740993517, 0.9078718500045613, 1.4639509886196655, 1.8019985012977273, 1.8784524152608153, 1.2378810413856502, 0.48717561979879753, 1.0200086773178394, 0.5329674377011049, 1.7767077874434045, 0.7936152628006516, 1.1231663296994459, 1.3979730869174738, 1.5924010528504797, 0.5977777143409049, 1.5706390680686362, 0.41231858116986997, 0.5742464392570528]
[1.479132215528421, 1.3538021496479524, 0.760902520684466, 1.0585770298385204, 0.3517487260599865, 1.0255557496395586, 0.7621982061670785, 1.7331444638406808, 1.075270946759471, 1.7152034380602856, 1.2292261345386295, 0.4305060919125254, 0.42054899376501553, 1.7511447405631675, 1.5924010528504797, 0.5865702434611837, 1.3657734568890358, 1.378948780201084, 0.8577097039626922, 0.9866557411609935]
[1.1119428709976984, 0.6257316716067656, 0.5436557065233603, 1.8887818171359654, 0.8685472861128505, 0.9240407118431713, 0.10663333909058315, 0.04373618869458862, 0.08661605934107741, 0.5560644211508665, 1.9633675689219714, 1.6197697890807978, 0.8433436463208752, 1.9287390487919385, 0.5977777143409049, 1.3657734568890358, 1.6032837788881154, 1.5240350003773948, 0.6733002146784746, 1.3231189015252334]
[1.5838702111565053, 0.9491485131445485, 1.5186881797405878, 1.130240247887277, 0.9003839149846815, 0.1933383329439442, 0.6017594509788085, 1.1644161157128188, 1.4173035334499853, 1.995884016338117, 0.2480400904491329, 1.125216508619317, 1.2298385131021157, 1.8735399322312458, 1.5706390680686362, 1.378948780201084, 1.5240350003773948, 1.3909726414780792, 0.08446435803641528, 1.621497375726149]
[1.8350456739276702, 0.45549190276710094, 1.2117252930963565, 1.0487975171780797, 0.3667716307103812, 1.0891294446343713, 1.7466182123888017, 1.0020351576541149, 0.05196405820597927, 0.8099471215274359, 0.3822276064301682, 0.5662428955854066, 1.160874057218917, 0.3704825277668258, 0.41231858116986997, 0.8577097039626922, 0.6733002146784746, 0.08446435803641528, 0.13072624925688703, 1.3126413182037686]
[0.7438427761307431, 1.425145602178398, 1.2788383613073497, 1.379290817589792, 1.9232677124357145, 0.18179440415546155, 0.594538969462644, 1.485500245956987, 1.085275031433634, 1.9432715561602873, 1.34561108417454, 0.07431072544233652, 0.9130898424686569, 1.4135943262309494, 0.5742464392570528, 0.9866557411609935, 1.3231189015252334, 1.621497375726149, 1.3126413182037686, 1.9882925305387054]

TPG
[(5, 7), (8, 9), (1, 2), (4, 5), (6, 10), (8, 10), (1, 4), (3, 7)]